time 	S 	I 	R 	V 	E
1.00 	990.00 	5.00 	0.00 	0.00 	5.00
2.00 	988.43 	5.47 	0.01 	1.38 	4.71
3.00 	986.85 	5.90 	0.03 	2.76 	4.46
4.00 	985.26 	6.32 	0.04 	4.14 	4.24
5.00 	983.66 	6.71 	0.06 	5.50 	4.07
6.00 	982.05 	7.08 	0.08 	6.87 	3.92
7.00 	980.44 	7.44 	0.09 	8.23 	3.80
8.00 	978.81 	7.79 	0.11 	9.58 	3.70
9.00 	977.18 	8.13 	0.13 	10.93 	3.62
10.00 	975.55 	8.46 	0.15 	12.27 	3.57
11.00 	973.90 	8.79 	0.17 	13.61 	3.53
12.00 	972.25 	9.11 	0.20 	14.95 	3.50
13.00 	970.60 	9.42 	0.22 	16.27 	3.49
14.00 	968.94 	9.74 	0.24 	17.60 	3.48
15.00 	967.27 	10.05 	0.27 	18.92 	3.49
16.00 	965.60 	10.37 	0.29 	20.23 	3.51
17.00 	963.92 	10.68 	0.32 	21.54 	3.54
18.00 	962.24 	11.00 	0.34 	22.84 	3.57
19.00 	960.55 	11.32 	0.37 	24.14 	3.61
20.00 	958.86 	11.64 	0.40 	25.44 	3.66
21.00 	957.16 	11.97 	0.43 	26.73 	3.72
22.00 	955.46 	12.30 	0.46 	28.01 	3.78
23.00 	953.75 	12.64 	0.49 	29.29 	3.84
24.00 	952.03 	12.98 	0.52 	30.56 	3.91
25.00 	950.31 	13.33 	0.55 	31.83 	3.98
26.00 	948.58 	13.69 	0.58 	33.10 	4.06
27.00 	946.84 	14.05 	0.62 	34.36 	4.14
28.00 	945.10 	14.42 	0.65 	35.61 	4.23
29.00 	943.35 	14.79 	0.69 	36.86 	4.31
30.00 	941.59 	15.17 	0.72 	38.10 	4.41
31.00 	939.83 	15.57 	0.76 	39.34 	4.50
32.00 	938.06 	15.97 	0.80 	40.58 	4.60
33.00 	936.28 	16.37 	0.84 	41.81 	4.70
34.00 	934.49 	16.79 	0.87 	43.03 	4.81
35.00 	932.70 	17.22 	0.92 	44.25 	4.91
36.00 	930.90 	17.65 	0.96 	45.47 	5.02
37.00 	929.09 	18.10 	1.00 	46.68 	5.14
38.00 	927.27 	18.56 	1.04 	47.88 	5.25
39.00 	925.44 	19.02 	1.09 	49.08 	5.37
40.00 	923.60 	19.50 	1.13 	50.28 	5.50
41.00 	921.75 	19.98 	1.18 	51.47 	5.62
42.00 	919.89 	20.48 	1.23 	52.65 	5.75
43.00 	918.02 	20.99 	1.28 	53.83 	5.88
44.00 	916.14 	21.51 	1.33 	55.01 	6.01
45.00 	914.25 	22.04 	1.38 	56.18 	6.15
46.00 	912.35 	22.59 	1.43 	57.34 	6.29
47.00 	910.43 	23.14 	1.49 	58.50 	6.43
48.00 	908.51 	23.71 	1.54 	59.66 	6.58
49.00 	906.57 	24.29 	1.60 	60.81 	6.73
50.00 	904.62 	24.89 	1.66 	61.95 	6.88
51.00 	902.66 	25.50 	1.72 	63.09 	7.04
52.00 	900.68 	26.12 	1.78 	64.23 	7.20
53.00 	898.69 	26.75 	1.84 	65.36 	7.36
54.00 	896.69 	27.40 	1.91 	66.48 	7.52
55.00 	894.67 	28.06 	1.97 	67.60 	7.69
56.00 	892.64 	28.74 	2.04 	68.72 	7.86
57.00 	890.59 	29.44 	2.11 	69.83 	8.04
58.00 	888.53 	30.14 	2.18 	70.93 	8.21
59.00 	886.46 	30.87 	2.25 	72.03 	8.40
60.00 	884.36 	31.61 	2.32 	73.13 	8.58
61.00 	882.25 	32.36 	2.40 	74.21 	8.77
62.00 	880.13 	33.13 	2.47 	75.30 	8.96
63.00 	877.99 	33.92 	2.55 	76.38 	9.16
64.00 	875.83 	34.73 	2.63 	77.45 	9.36
65.00 	873.65 	35.55 	2.72 	78.52 	9.56
66.00 	871.45 	36.39 	2.80 	79.58 	9.77
67.00 	869.24 	37.25 	2.89 	80.64 	9.98
68.00 	867.01 	38.13 	2.98 	81.69 	10.19
69.00 	864.75 	39.02 	3.07 	82.74 	10.41
70.00 	862.48 	39.94 	3.16 	83.79 	10.64
71.00 	860.19 	40.87 	3.25 	84.82 	10.86
72.00 	857.88 	41.82 	3.35 	85.85 	11.09
73.00 	855.55 	42.80 	3.45 	86.88 	11.33
74.00 	853.19 	43.79 	3.55 	87.90 	11.56
75.00 	850.82 	44.80 	3.65 	88.92 	11.81
76.00 	848.42 	45.84 	3.76 	89.93 	12.05
77.00 	846.00 	46.89 	3.87 	90.93 	12.30
78.00 	843.56 	47.97 	3.98 	91.93 	12.56
79.00 	841.09 	49.07 	4.09 	92.93 	12.82
80.00 	838.60 	50.19 	4.21 	93.92 	13.08
81.00 	836.09 	51.33 	4.33 	94.90 	13.35
82.00 	833.55 	52.50 	4.45 	95.88 	13.62
83.00 	830.99 	53.69 	4.57 	96.85 	13.90
84.00 	828.40 	54.91 	4.70 	97.82 	14.18
85.00 	825.79 	56.14 	4.83 	98.78 	14.46
86.00 	823.15 	57.40 	4.96 	99.74 	14.75
87.00 	820.48 	58.69 	5.09 	100.69 	15.05
88.00 	817.79 	60.00 	5.23 	101.63 	15.34
89.00 	815.07 	61.34 	5.37 	102.57 	15.65
90.00 	812.32 	62.70 	5.52 	103.50 	15.95
91.00 	809.55 	64.09 	5.66 	104.43 	16.26
92.00 	806.75 	65.51 	5.81 	105.35 	16.58
93.00 	803.91 	66.95 	5.97 	106.27 	16.90
94.00 	801.05 	68.42 	6.13 	107.18 	17.22
95.00 	798.16 	69.92 	6.29 	108.08 	17.55
96.00 	795.24 	71.44 	6.45 	108.98 	17.89
97.00 	792.29 	72.99 	6.62 	109.87 	18.22
98.00 	789.31 	74.57 	6.79 	110.76 	18.57
99.00 	786.30 	76.18 	6.96 	111.64 	18.91
100.00 	783.26 	77.82 	7.14 	112.51 	19.26
101.00 	780.19 	79.49 	7.32 	113.38 	19.62
102.00 	777.08 	81.19 	7.51 	114.24 	19.98
103.00 	773.94 	82.92 	7.70 	115.10 	20.34
104.00 	770.77 	84.68 	7.89 	115.95 	20.71
105.00 	767.57 	86.47 	8.09 	116.80 	21.08
106.00 	764.33 	88.29 	8.29 	117.63 	21.45
107.00 	761.06 	90.14 	8.50 	118.46 	21.83
108.00 	757.76 	92.02 	8.71 	119.29 	22.21
109.00 	754.42 	93.94 	8.93 	120.11 	22.60
110.00 	751.05 	95.89 	9.14 	120.92 	22.99
111.00 	747.65 	97.87 	9.37 	121.73 	23.39
112.00 	744.21 	99.88 	9.60 	122.53 	23.79
113.00 	740.74 	101.92 	9.83 	123.32 	24.19
114.00 	737.23 	104.00 	10.07 	124.11 	24.59
115.00 	733.69 	106.11 	10.31 	124.89 	25.00
116.00 	730.11 	108.26 	10.56 	125.66 	25.41
117.00 	726.49 	110.44 	10.81 	126.43 	25.83
118.00 	722.85 	112.65 	11.07 	127.19 	26.24
119.00 	719.16 	114.90 	11.33 	127.95 	26.67
120.00 	715.44 	117.18 	11.59 	128.69 	27.09
121.00 	711.69 	119.50 	11.87 	129.44 	27.51
122.00 	707.90 	121.85 	12.14 	130.17 	27.94
123.00 	704.07 	124.23 	12.43 	130.90 	28.37
124.00 	700.21 	126.65 	12.72 	131.62 	28.81
125.00 	696.31 	129.11 	13.01 	132.33 	29.24
126.00 	692.38 	131.60 	13.31 	133.04 	29.68
127.00 	688.41 	134.12 	13.61 	133.74 	30.12
128.00 	684.41 	136.68 	13.93 	134.43 	30.56
129.00 	680.37 	139.28 	14.24 	135.12 	31.00
130.00 	676.30 	141.91 	14.57 	135.79 	31.44
131.00 	672.19 	144.57 	14.89 	136.47 	31.88
132.00 	668.04 	147.27 	15.23 	137.13 	32.33
133.00 	663.87 	150.00 	15.57 	137.79 	32.77
134.00 	659.66 	152.77 	15.92 	138.44 	33.21
135.00 	655.41 	155.58 	16.27 	139.08 	33.66
136.00 	651.13 	158.42 	16.63 	139.72 	34.10
137.00 	646.82 	161.29 	16.99 	140.35 	34.55
138.00 	642.48 	164.20 	17.37 	140.97 	34.99
139.00 	638.10 	167.14 	17.75 	141.58 	35.43
140.00 	633.69 	170.11 	18.13 	142.19 	35.87
141.00 	629.25 	173.12 	18.52 	142.79 	36.31
142.00 	624.78 	176.16 	18.92 	143.38 	36.75
143.00 	620.28 	179.24 	19.33 	143.96 	37.19
144.00 	615.75 	182.35 	19.74 	144.54 	37.62
145.00 	611.19 	185.49 	20.16 	145.11 	38.05
146.00 	606.60 	188.66 	20.59 	145.67 	38.48
147.00 	601.98 	191.86 	21.02 	146.22 	38.91
148.00 	597.33 	195.10 	21.46 	146.77 	39.33
149.00 	592.66 	198.36 	21.91 	147.31 	39.75
150.00 	587.96 	201.66 	22.37 	147.84 	40.17
151.00 	583.24 	204.99 	22.83 	148.36 	40.58
152.00 	578.49 	208.34 	23.30 	148.88 	40.98
153.00 	573.72 	211.72 	23.78 	149.39 	41.39
154.00 	568.93 	215.14 	24.27 	149.89 	41.78
155.00 	564.11 	218.57 	24.76 	150.38 	42.17
156.00 	559.27 	222.04 	25.26 	150.87 	42.56
157.00 	554.41 	225.53 	25.77 	151.34 	42.94
158.00 	549.54 	229.05 	26.28 	151.81 	43.31
159.00 	544.64 	232.59 	26.81 	152.28 	43.68
160.00 	539.73 	236.16 	27.34 	152.73 	44.04
161.00 	534.80 	239.75 	27.88 	153.18 	44.39
162.00 	529.86 	243.36 	28.43 	153.61 	44.74
163.00 	524.90 	246.99 	28.98 	154.05 	45.08
164.00 	519.93 	250.64 	29.55 	154.47 	45.41
165.00 	514.95 	254.32 	30.12 	154.88 	45.73
166.00 	509.96 	258.01 	30.70 	155.29 	46.05
167.00 	504.95 	261.72 	31.29 	155.69 	46.35
168.00 	499.94 	265.45 	31.88 	156.08 	46.65
169.00 	494.92 	269.19 	32.49 	156.47 	46.93
170.00 	489.90 	272.95 	33.10 	156.84 	47.21
171.00 	484.87 	276.72 	33.72 	157.21 	47.48
172.00 	479.84 	280.51 	34.35 	157.57 	47.74
173.00 	474.80 	284.31 	34.98 	157.92 	47.99
174.00 	469.77 	288.12 	35.63 	158.27 	48.22
175.00 	464.73 	291.93 	36.28 	158.61 	48.45
176.00 	459.70 	295.76 	36.94 	158.94 	48.67
177.00 	454.66 	299.60 	37.61 	159.26 	48.87
178.00 	449.64 	303.44 	38.29 	159.57 	49.06
179.00 	444.62 	307.28 	38.98 	159.88 	49.25
180.00 	439.60 	311.14 	39.67 	160.18 	49.42
181.00 	434.59 	314.99 	40.37 	160.47 	49.58
182.00 	429.59 	318.85 	41.08 	160.75 	49.72
183.00 	424.61 	322.70 	41.80 	161.03 	49.86
184.00 	419.63 	326.56 	42.53 	161.30 	49.98
185.00 	414.67 	330.41 	43.27 	161.56 	50.10
186.00 	409.72 	334.26 	44.01 	161.81 	50.19
187.00 	404.79 	338.11 	44.76 	162.06 	50.28
188.00 	399.87 	341.95 	45.52 	162.30 	50.36
189.00 	394.98 	345.79 	46.29 	162.53 	50.42
190.00 	390.10 	349.62 	47.06 	162.75 	50.47
191.00 	385.24 	353.44 	47.85 	162.97 	50.51
192.00 	380.40 	357.24 	48.64 	163.18 	50.53
193.00 	375.59 	361.04 	49.44 	163.38 	50.55
194.00 	370.80 	364.83 	50.25 	163.58 	50.55
195.00 	366.04 	368.60 	51.06 	163.77 	50.54
196.00 	361.30 	372.35 	51.89 	163.95 	50.51
197.00 	356.59 	376.09 	52.72 	164.12 	50.48
198.00 	351.91 	379.81 	53.56 	164.29 	50.43
199.00 	347.26 	383.52 	54.40 	164.45 	50.37
200.00 	342.64 	387.20 	55.26 	164.60 	50.30
201.00 	338.05 	390.87 	56.12 	164.75 	50.21
202.00 	333.50 	394.51 	56.99 	164.89 	50.12
203.00 	328.98 	398.13 	57.86 	165.02 	50.01
204.00 	324.49 	401.72 	58.74 	165.15 	49.89
205.00 	320.04 	405.29 	59.63 	165.27 	49.76
206.00 	315.63 	408.84 	60.53 	165.39 	49.62
207.00 	311.25 	412.35 	61.44 	165.50 	49.47
208.00 	306.91 	415.84 	62.35 	165.60 	49.30
209.00 	302.61 	419.30 	63.27 	165.69 	49.13
210.00 	298.35 	422.73 	64.19 	165.78 	48.95
211.00 	294.13 	426.13 	65.12 	165.86 	48.75
212.00 	289.95 	429.50 	66.06 	165.94 	48.55
213.00 	285.81 	432.84 	67.01 	166.01 	48.33
214.00 	281.71 	436.14 	67.96 	166.08 	48.11
215.00 	277.66 	439.41 	68.92 	166.14 	47.88
216.00 	273.65 	442.64 	69.88 	166.19 	47.64
217.00 	269.69 	445.83 	70.85 	166.24 	47.39
218.00 	265.77 	448.99 	71.83 	166.28 	47.13
219.00 	261.89 	452.12 	72.81 	166.32 	46.87
220.00 	258.06 	455.20 	73.79 	166.35 	46.59
221.00 	254.28 	458.25 	74.79 	166.37 	46.31
222.00 	250.54 	461.26 	75.79 	166.40 	46.02
223.00 	246.84 	464.23 	76.79 	166.41 	45.73
224.00 	243.20 	467.15 	77.80 	166.42 	45.43
225.00 	239.60 	470.04 	78.82 	166.43 	45.12
226.00 	236.05 	472.89 	79.84 	166.43 	44.80
227.00 	232.54 	475.69 	80.86 	166.42 	44.48
228.00 	229.09 	478.45 	81.89 	166.41 	44.16
229.00 	225.68 	481.17 	82.93 	166.40 	43.83
230.00 	222.31 	483.85 	83.96 	166.38 	43.49
231.00 	219.00 	486.49 	85.01 	166.35 	43.15
232.00 	215.73 	489.08 	86.06 	166.33 	42.81
233.00 	212.51 	491.62 	87.11 	166.29 	42.46
234.00 	209.34 	494.13 	88.17 	166.26 	42.11
235.00 	206.22 	496.59 	89.23 	166.21 	41.75
236.00 	203.14 	499.00 	90.29 	166.17 	41.40
237.00 	200.11 	501.37 	91.36 	166.12 	41.04
238.00 	197.13 	503.70 	92.43 	166.06 	40.67
239.00 	194.20 	505.98 	93.51 	166.01 	40.31
240.00 	191.31 	508.22 	94.59 	165.94 	39.94
241.00 	188.47 	510.41 	95.67 	165.88 	39.57
242.00 	185.67 	512.56 	96.76 	165.81 	39.20
243.00 	182.93 	514.66 	97.85 	165.73 	38.83
244.00 	180.23 	516.72 	98.94 	165.66 	38.45
245.00 	177.57 	518.74 	100.04 	165.58 	38.08
246.00 	174.96 	520.71 	101.13 	165.49 	37.71
247.00 	172.39 	522.63 	102.24 	165.40 	37.33
248.00 	169.87 	524.52 	103.34 	165.31 	36.96
249.00 	167.40 	526.35 	104.44 	165.22 	36.59
250.00 	164.97 	528.15 	105.55 	165.12 	36.21
251.00 	162.58 	529.90 	106.66 	165.02 	35.84
252.00 	160.23 	531.61 	107.78 	164.92 	35.47
253.00 	157.93 	533.27 	108.89 	164.81 	35.10
254.00 	155.67 	534.89 	110.01 	164.70 	34.73
255.00 	153.45 	536.47 	111.12 	164.59 	34.36
256.00 	151.28 	538.01 	112.24 	164.47 	33.99
257.00 	149.15 	539.51 	113.37 	164.35 	33.63
258.00 	147.05 	540.96 	114.49 	164.23 	33.27
259.00 	145.00 	542.37 	115.61 	164.11 	32.91
260.00 	142.99 	543.75 	116.74 	163.98 	32.55
261.00 	141.01 	545.08 	117.86 	163.85 	32.20
262.00 	139.08 	546.37 	118.99 	163.72 	31.84
263.00 	137.18 	547.62 	120.12 	163.59 	31.49
264.00 	135.32 	548.83 	121.25 	163.45 	31.15
265.00 	133.50 	550.01 	122.38 	163.31 	30.80
266.00 	131.72 	551.14 	123.51 	163.17 	30.46
267.00 	129.97 	552.24 	124.64 	163.03 	30.12
268.00 	128.26 	553.30 	125.77 	162.88 	29.79
269.00 	126.58 	554.33 	126.90 	162.73 	29.46
270.00 	124.94 	555.31 	128.04 	162.59 	29.13
271.00 	123.33 	556.27 	129.17 	162.43 	28.80
272.00 	121.75 	557.18 	130.30 	162.28 	28.48
273.00 	120.21 	558.06 	131.43 	162.13 	28.16
274.00 	118.71 	558.91 	132.57 	161.97 	27.85
275.00 	117.23 	559.72 	133.70 	161.81 	27.54
276.00 	115.79 	560.50 	134.83 	161.65 	27.23
277.00 	114.37 	561.24 	135.96 	161.49 	26.93
278.00 	112.99 	561.96 	137.09 	161.32 	26.63
279.00 	111.64 	562.64 	138.22 	161.16 	26.34
280.00 	110.32 	563.29 	139.35 	160.99 	26.05
281.00 	109.03 	563.90 	140.48 	160.82 	25.76
282.00 	107.76 	564.49 	141.61 	160.65 	25.48
283.00 	106.53 	565.05 	142.74 	160.48 	25.20
284.00 	105.32 	565.58 	143.86 	160.31 	24.93
285.00 	104.14 	566.08 	144.99 	160.14 	24.66
286.00 	102.99 	566.55 	146.11 	159.96 	24.39
287.00 	101.86 	566.99 	147.24 	159.79 	24.13
288.00 	100.76 	567.40 	148.36 	159.61 	23.87
289.00 	99.68 	567.79 	149.48 	159.43 	23.62
290.00 	98.63 	568.15 	150.60 	159.25 	23.37
291.00 	97.60 	568.49 	151.72 	159.07 	23.12
292.00 	96.60 	568.80 	152.84 	158.89 	22.88
293.00 	95.62 	569.08 	153.95 	158.70 	22.64
294.00 	94.66 	569.34 	155.07 	158.52 	22.41
295.00 	93.73 	569.58 	156.18 	158.33 	22.18
296.00 	92.81 	569.79 	157.29 	158.15 	21.95
297.00 	91.92 	569.98 	158.40 	157.96 	21.73
298.00 	91.06 	570.15 	159.51 	157.77 	21.52
299.00 	90.21 	570.30 	160.61 	157.59 	21.30
300.00 	89.38 	570.42 	161.71 	157.40 	21.09
301.00 	88.57 	570.52 	162.82 	157.21 	20.88
302.00 	87.78 	570.60 	163.92 	157.02 	20.68
303.00 	87.02 	570.66 	165.01 	156.82 	20.48
304.00 	86.27 	570.70 	166.11 	156.63 	20.29
305.00 	85.54 	570.73 	167.20 	156.44 	20.10
306.00 	84.82 	570.73 	168.29 	156.25 	19.91
307.00 	84.13 	570.71 	169.38 	156.05 	19.73
308.00 	83.45 	570.68 	170.47 	155.86 	19.55
309.00 	82.79 	570.63 	171.55 	155.66 	19.37
310.00 	82.14 	570.56 	172.64 	155.47 	19.19
311.00 	81.52 	570.47 	173.72 	155.27 	19.02
312.00 	80.90 	570.37 	174.79 	155.07 	18.86
313.00 	80.31 	570.25 	175.87 	154.88 	18.69
314.00 	79.73 	570.12 	176.94 	154.68 	18.53
315.00 	79.16 	569.97 	178.01 	154.48 	18.38
316.00 	78.61 	569.80 	179.08 	154.28 	18.22
317.00 	78.07 	569.62 	180.14 	154.08 	18.07
318.00 	77.55 	569.43 	181.21 	153.88 	17.93
319.00 	77.04 	569.22 	182.27 	153.69 	17.78
320.00 	76.55 	569.00 	183.32 	153.49 	17.64
321.00 	76.06 	568.77 	184.38 	153.29 	17.50
322.00 	75.59 	568.52 	185.43 	153.09 	17.37
323.00 	75.14 	568.26 	186.48 	152.89 	17.23
324.00 	74.69 	567.99 	187.53 	152.68 	17.11
325.00 	74.26 	567.71 	188.57 	152.48 	16.98
326.00 	73.84 	567.41 	189.61 	152.28 	16.85
327.00 	73.43 	567.11 	190.65 	152.08 	16.73
328.00 	73.03 	566.79 	191.68 	151.88 	16.61
329.00 	72.65 	566.46 	192.72 	151.68 	16.50
330.00 	72.27 	566.12 	193.74 	151.48 	16.38
331.00 	71.90 	565.78 	194.77 	151.27 	16.27
332.00 	71.55 	565.42 	195.79 	151.07 	16.16
333.00 	71.20 	565.05 	196.81 	150.87 	16.06
334.00 	70.87 	564.68 	197.83 	150.67 	15.95
335.00 	70.54 	564.29 	198.85 	150.47 	15.85
336.00 	70.23 	563.90 	199.86 	150.26 	15.75
337.00 	69.92 	563.49 	200.87 	150.06 	15.66
338.00 	69.62 	563.08 	201.87 	149.86 	15.56
339.00 	69.33 	562.66 	202.87 	149.66 	15.47
340.00 	69.05 	562.24 	203.87 	149.46 	15.38
341.00 	68.78 	561.80 	204.87 	149.25 	15.29
342.00 	68.52 	561.36 	205.86 	149.05 	15.20
343.00 	68.26 	560.92 	206.85 	148.85 	15.12
344.00 	68.02 	560.46 	207.84 	148.65 	15.04
345.00 	67.78 	560.00 	208.82 	148.44 	14.96
346.00 	67.54 	559.53 	209.81 	148.24 	14.88
347.00 	67.32 	559.06 	210.78 	148.04 	14.80
348.00 	67.10 	558.58 	211.76 	147.84 	14.72
349.00 	66.89 	558.09 	212.73 	147.64 	14.65
350.00 	66.68 	557.60 	213.70 	147.44 	14.58
351.00 	66.49 	557.11 	214.66 	147.23 	14.51
352.00 	66.30 	556.60 	215.62 	147.03 	14.44
353.00 	66.11 	556.10 	216.58 	146.83 	14.38
354.00 	65.93 	555.59 	217.54 	146.63 	14.31
355.00 	65.76 	555.07 	218.49 	146.43 	14.25
356.00 	65.60 	554.55 	219.44 	146.23 	14.18
357.00 	65.44 	554.03 	220.39 	146.03 	14.12
358.00 	65.28 	553.50 	221.33 	145.83 	14.06
359.00 	65.13 	552.96 	222.27 	145.63 	14.01
360.00 	64.99 	552.43 	223.20 	145.43 	13.95
361.00 	64.85 	551.89 	224.14 	145.23 	13.90
362.00 	64.72 	551.34 	225.07 	145.03 	13.84
363.00 	64.59 	550.80 	225.99 	144.83 	13.79
364.00 	64.47 	550.25 	226.92 	144.63 	13.74
365.00 	64.35 	549.69 	227.84 	144.43 	13.69
366.00 	64.24 	549.14 	228.75 	144.23 	13.64
367.00 	64.13 	548.58 	229.67 	144.03 	13.59
368.00 	64.02 	548.02 	230.58 	143.84 	13.55
369.00 	63.92 	547.45 	231.49 	143.64 	13.50
370.00 	63.83 	546.88 	232.39 	143.44 	13.46
371.00 	63.74 	546.31 	233.29 	143.24 	13.42
372.00 	63.65 	545.74 	234.19 	143.05 	13.37
373.00 	63.57 	545.17 	235.08 	142.85 	13.33
374.00 	63.49 	544.59 	235.97 	142.65 	13.29
375.00 	63.41 	544.02 	236.86 	142.46 	13.25
376.00 	63.34 	543.44 	237.75 	142.26 	13.22
377.00 	63.27 	542.85 	238.63 	142.06 	13.18
378.00 	63.21 	542.27 	239.51 	141.87 	13.14
379.00 	63.15 	541.69 	240.38 	141.67 	13.11
380.00 	63.09 	541.10 	241.25 	141.48 	13.08
381.00 	63.04 	540.52 	242.12 	141.28 	13.04
382.00 	62.99 	539.93 	242.99 	141.09 	13.01
383.00 	62.94 	539.34 	243.85 	140.90 	12.98
384.00 	62.89 	538.75 	244.71 	140.70 	12.95
385.00 	62.85 	538.16 	245.56 	140.51 	12.92
386.00 	62.81 	537.56 	246.42 	140.32 	12.89
387.00 	62.78 	536.97 	247.27 	140.12 	12.86
388.00 	62.75 	536.38 	248.11 	139.93 	12.83
389.00 	62.72 	535.78 	248.96 	139.74 	12.81
390.00 	62.69 	535.19 	249.80 	139.55 	12.78
391.00 	62.66 	534.59 	250.63 	139.36 	12.75
392.00 	62.64 	534.00 	251.47 	139.17 	12.73
393.00 	62.62 	533.40 	252.30 	138.98 	12.70
394.00 	62.60 	532.80 	253.12 	138.79 	12.68
395.00 	62.59 	532.21 	253.95 	138.60 	12.66
396.00 	62.58 	531.61 	254.77 	138.41 	12.64
397.00 	62.57 	531.01 	255.59 	138.22 	12.61
398.00 	62.56 	530.42 	256.40 	138.03 	12.59
399.00 	62.55 	529.82 	257.21 	137.84 	12.57
400.00 	62.55 	529.22 	258.02 	137.65 	12.55
401.00 	62.55 	528.62 	258.83 	137.47 	12.53
402.00 	62.55 	528.03 	259.63 	137.28 	12.51
403.00 	62.55 	527.43 	260.43 	137.09 	12.50
404.00 	62.56 	526.83 	261.23 	136.91 	12.48
405.00 	62.56 	526.24 	262.02 	136.72 	12.46
406.00 	62.57 	525.64 	262.81 	136.53 	12.44
407.00 	62.58 	525.05 	263.60 	136.35 	12.43
408.00 	62.59 	524.45 	264.38 	136.16 	12.41
409.00 	62.61 	523.86 	265.16 	135.98 	12.39
410.00 	62.62 	523.26 	265.94 	135.80 	12.38
411.00 	62.64 	522.67 	266.71 	135.61 	12.36
412.00 	62.66 	522.08 	267.48 	135.43 	12.35
413.00 	62.68 	521.49 	268.25 	135.25 	12.34
414.00 	62.70 	520.90 	269.02 	135.06 	12.32
415.00 	62.72 	520.30 	269.78 	134.88 	12.31
416.00 	62.75 	519.72 	270.54 	134.70 	12.30
417.00 	62.77 	519.13 	271.30 	134.52 	12.28
418.00 	62.80 	518.54 	272.05 	134.34 	12.27
419.00 	62.83 	517.95 	272.80 	134.16 	12.26
420.00 	62.86 	517.36 	273.55 	133.98 	12.25
421.00 	62.89 	516.78 	274.30 	133.80 	12.24
422.00 	62.92 	516.19 	275.04 	133.62 	12.23
423.00 	62.96 	515.61 	275.78 	133.44 	12.22
424.00 	62.99 	515.03 	276.51 	133.26 	12.21
425.00 	63.03 	514.45 	277.25 	133.08 	12.20
426.00 	63.07 	513.87 	277.98 	132.90 	12.19
427.00 	63.10 	513.29 	278.70 	132.73 	12.18
428.00 	63.14 	512.71 	279.43 	132.55 	12.17
429.00 	63.18 	512.13 	280.15 	132.37 	12.16
430.00 	63.23 	511.56 	280.87 	132.20 	12.15
431.00 	63.27 	510.98 	281.58 	132.02 	12.15
432.00 	63.31 	510.41 	282.30 	131.85 	12.14
433.00 	63.36 	509.84 	283.01 	131.67 	12.13
434.00 	63.40 	509.27 	283.71 	131.50 	12.12
435.00 	63.45 	508.70 	284.42 	131.32 	12.12
436.00 	63.49 	508.13 	285.12 	131.15 	12.11
437.00 	63.54 	507.56 	285.82 	130.98 	12.10
438.00 	63.59 	507.00 	286.51 	130.80 	12.10
439.00 	63.64 	506.43 	287.21 	130.63 	12.09
440.00 	63.69 	505.87 	287.90 	130.46 	12.08
441.00 	63.74 	505.31 	288.58 	130.29 	12.08
442.00 	63.79 	504.75 	289.27 	130.12 	12.07
443.00 	63.85 	504.19 	289.95 	129.95 	12.07
444.00 	63.90 	503.63 	290.63 	129.77 	12.06
445.00 	63.95 	503.08 	291.31 	129.60 	12.06
446.00 	64.01 	502.52 	291.98 	129.44 	12.05
447.00 	64.07 	501.97 	292.65 	129.27 	12.05
448.00 	64.12 	501.42 	293.32 	129.10 	12.04
449.00 	64.18 	500.87 	293.98 	128.93 	12.04
450.00 	64.24 	500.32 	294.65 	128.76 	12.04
451.00 	64.29 	499.77 	295.31 	128.59 	12.03
452.00 	64.35 	499.23 	295.97 	128.43 	12.03
453.00 	64.41 	498.68 	296.62 	128.26 	12.02
454.00 	64.47 	498.14 	297.27 	128.09 	12.02
455.00 	64.53 	497.60 	297.92 	127.93 	12.02
456.00 	64.59 	497.06 	298.57 	127.76 	12.01
457.00 	64.65 	496.52 	299.21 	127.60 	12.01
458.00 	64.71 	495.99 	299.85 	127.43 	12.01
459.00 	64.78 	495.45 	300.49 	127.27 	12.01
460.00 	64.84 	494.92 	301.13 	127.11 	12.00
461.00 	64.90 	494.39 	301.76 	126.94 	12.00
462.00 	64.97 	493.86 	302.39 	126.78 	12.00
463.00 	65.03 	493.33 	303.02 	126.62 	12.00
464.00 	65.09 	492.81 	303.65 	126.46 	11.99
465.00 	65.16 	492.28 	304.27 	126.29 	11.99
466.00 	65.22 	491.76 	304.89 	126.13 	11.99
467.00 	65.29 	491.24 	305.51 	125.97 	11.99
468.00 	65.36 	490.72 	306.13 	125.81 	11.99
469.00 	65.42 	490.20 	306.74 	125.65 	11.99
470.00 	65.49 	489.68 	307.35 	125.49 	11.98
471.00 	65.55 	489.17 	307.96 	125.33 	11.98
472.00 	65.62 	488.66 	308.57 	125.18 	11.98
473.00 	65.69 	488.14 	309.17 	125.02 	11.98
474.00 	65.76 	487.64 	309.77 	124.86 	11.98
475.00 	65.83 	487.13 	310.37 	124.70 	11.98
476.00 	65.89 	486.62 	310.96 	124.54 	11.98
477.00 	65.96 	486.12 	311.56 	124.39 	11.98
478.00 	66.03 	485.61 	312.15 	124.23 	11.98
479.00 	66.10 	485.11 	312.74 	124.08 	11.97
480.00 	66.17 	484.61 	313.32 	123.92 	11.97
481.00 	66.24 	484.11 	313.91 	123.77 	11.97
482.00 	66.31 	483.62 	314.49 	123.61 	11.97
483.00 	66.38 	483.12 	315.07 	123.46 	11.97
484.00 	66.45 	482.63 	315.64 	123.30 	11.97
485.00 	66.52 	482.14 	316.22 	123.15 	11.97
486.00 	66.59 	481.65 	316.79 	123.00 	11.97
487.00 	66.66 	481.16 	317.36 	122.84 	11.97
488.00 	66.73 	480.68 	317.93 	122.69 	11.97
489.00 	66.80 	480.19 	318.49 	122.54 	11.97
490.00 	66.88 	479.71 	319.05 	122.39 	11.97
491.00 	66.95 	479.23 	319.61 	122.24 	11.97
492.00 	67.02 	478.75 	320.17 	122.09 	11.97
493.00 	67.09 	478.27 	320.73 	121.94 	11.97
494.00 	67.16 	477.80 	321.28 	121.79 	11.97
495.00 	67.24 	477.32 	321.83 	121.64 	11.97
496.00 	67.31 	476.85 	322.38 	121.49 	11.97
497.00 	67.38 	476.38 	322.92 	121.34 	11.98
498.00 	67.45 	475.91 	323.47 	121.19 	11.98
499.00 	67.53 	475.44 	324.01 	121.04 	11.98
500.00 	67.60 	474.98 	324.55 	120.90 	11.98
501.00 	67.67 	474.51 	325.09 	120.75 	11.98
502.00 	67.74 	474.05 	325.62 	120.60 	11.98
503.00 	67.82 	473.59 	326.15 	120.46 	11.98
504.00 	67.89 	473.13 	326.68 	120.31 	11.98
505.00 	67.96 	472.68 	327.21 	120.17 	11.98
506.00 	68.04 	472.22 	327.74 	120.02 	11.98
507.00 	68.11 	471.77 	328.26 	119.88 	11.98
508.00 	68.18 	471.32 	328.79 	119.73 	11.98
509.00 	68.26 	470.86 	329.30 	119.59 	11.99
510.00 	68.33 	470.42 	329.82 	119.45 	11.99
511.00 	68.40 	469.97 	330.34 	119.30 	11.99
512.00 	68.48 	469.52 	330.85 	119.16 	11.99
513.00 	68.55 	469.08 	331.36 	119.02 	11.99
514.00 	68.62 	468.64 	331.87 	118.88 	11.99
515.00 	68.70 	468.20 	332.38 	118.73 	11.99
516.00 	68.77 	467.76 	332.88 	118.59 	11.99
517.00 	68.85 	467.32 	333.38 	118.45 	12.00
518.00 	68.92 	466.89 	333.89 	118.31 	12.00
519.00 	68.99 	466.45 	334.38 	118.17 	12.00
520.00 	69.07 	466.02 	334.88 	118.03 	12.00
521.00 	69.14 	465.59 	335.37 	117.89 	12.00
522.00 	69.21 	465.16 	335.87 	117.75 	12.00
523.00 	69.29 	464.74 	336.36 	117.62 	12.00
524.00 	69.36 	464.31 	336.84 	117.48 	12.01
525.00 	69.44 	463.89 	337.33 	117.34 	12.01
526.00 	69.51 	463.46 	337.81 	117.20 	12.01
527.00 	69.58 	463.04 	338.30 	117.07 	12.01
528.00 	69.66 	462.63 	338.78 	116.93 	12.01
529.00 	69.73 	462.21 	339.25 	116.79 	12.01
530.00 	69.80 	461.79 	339.73 	116.66 	12.02
531.00 	69.88 	461.38 	340.20 	116.52 	12.02
532.00 	69.95 	460.97 	340.68 	116.39 	12.02
533.00 	70.02 	460.56 	341.15 	116.25 	12.02
534.00 	70.10 	460.15 	341.62 	116.12 	12.02
535.00 	70.17 	459.74 	342.08 	115.98 	12.02
536.00 	70.24 	459.33 	342.55 	115.85 	12.03
537.00 	70.32 	458.93 	343.01 	115.72 	12.03
538.00 	70.39 	458.53 	343.47 	115.58 	12.03
539.00 	70.46 	458.13 	343.93 	115.45 	12.03
540.00 	70.54 	457.73 	344.38 	115.32 	12.03
541.00 	70.61 	457.33 	344.84 	115.19 	12.03
542.00 	70.68 	456.93 	345.29 	115.06 	12.04
543.00 	70.76 	456.54 	345.74 	114.93 	12.04
544.00 	70.83 	456.14 	346.19 	114.80 	12.04
545.00 	70.90 	455.75 	346.64 	114.67 	12.04
546.00 	70.98 	455.36 	347.08 	114.54 	12.04
547.00 	71.05 	454.97 	347.53 	114.41 	12.05
548.00 	71.12 	454.59 	347.97 	114.28 	12.05
549.00 	71.19 	454.20 	348.41 	114.15 	12.05
550.00 	71.27 	453.82 	348.84 	114.02 	12.05
551.00 	71.34 	453.43 	349.28 	113.89 	12.05
552.00 	71.41 	453.05 	349.71 	113.76 	12.06
553.00 	71.48 	452.67 	350.15 	113.64 	12.06
554.00 	71.56 	452.30 	350.58 	113.51 	12.06
555.00 	71.63 	451.92 	351.01 	113.38 	12.06
556.00 	71.70 	451.55 	351.43 	113.26 	12.06
557.00 	71.77 	451.17 	351.86 	113.13 	12.07
558.00 	71.84 	450.80 	352.28 	113.00 	12.07
559.00 	71.92 	450.43 	352.70 	112.88 	12.07
560.00 	71.99 	450.06 	353.12 	112.75 	12.07
561.00 	72.06 	449.69 	353.54 	112.63 	12.07
562.00 	72.13 	449.33 	353.96 	112.51 	12.08
563.00 	72.20 	448.96 	354.37 	112.38 	12.08
564.00 	72.27 	448.60 	354.78 	112.26 	12.08
565.00 	72.35 	448.24 	355.20 	112.14 	12.08
566.00 	72.42 	447.88 	355.60 	112.01 	12.09
567.00 	72.49 	447.52 	356.01 	111.89 	12.09
568.00 	72.56 	447.17 	356.42 	111.77 	12.09
569.00 	72.63 	446.81 	356.82 	111.65 	12.09
570.00 	72.70 	446.46 	357.23 	111.52 	12.09
571.00 	72.77 	446.10 	357.63 	111.40 	12.10
572.00 	72.84 	445.75 	358.03 	111.28 	12.10
573.00 	72.91 	445.40 	358.42 	111.16 	12.10
574.00 	72.98 	445.05 	358.82 	111.04 	12.10
575.00 	73.05 	444.71 	359.21 	110.92 	12.10
576.00 	73.12 	444.36 	359.61 	110.80 	12.11
577.00 	73.19 	444.02 	360.00 	110.68 	12.11
578.00 	73.26 	443.68 	360.39 	110.57 	12.11
579.00 	73.33 	443.34 	360.77 	110.45 	12.11
580.00 	73.40 	443.00 	361.16 	110.33 	12.12
581.00 	73.47 	442.66 	361.54 	110.21 	12.12
582.00 	73.54 	442.32 	361.93 	110.09 	12.12
583.00 	73.61 	441.99 	362.31 	109.98 	12.12
584.00 	73.68 	441.65 	362.69 	109.86 	12.12
585.00 	73.75 	441.32 	363.06 	109.74 	12.13
586.00 	73.82 	440.99 	363.44 	109.63 	12.13
587.00 	73.88 	440.66 	363.82 	109.51 	12.13
588.00 	73.95 	440.33 	364.19 	109.40 	12.13
589.00 	74.02 	440.00 	364.56 	109.28 	12.14
590.00 	74.09 	439.68 	364.93 	109.17 	12.14
591.00 	74.16 	439.35 	365.30 	109.05 	12.14
592.00 	74.23 	439.03 	365.67 	108.94 	12.14
593.00 	74.29 	438.71 	366.03 	108.82 	12.14
594.00 	74.36 	438.39 	366.40 	108.71 	12.15
595.00 	74.43 	438.07 	366.76 	108.60 	12.15
596.00 	74.50 	437.75 	367.12 	108.48 	12.15
597.00 	74.56 	437.43 	367.48 	108.37 	12.15
598.00 	74.63 	437.12 	367.84 	108.26 	12.15
599.00 	74.70 	436.80 	368.19 	108.15 	12.16
600.00 	74.76 	436.49 	368.55 	108.04 	12.16
601.00 	74.83 	436.18 	368.90 	107.93 	12.16
602.00 	74.90 	435.87 	369.25 	107.81 	12.16
603.00 	74.96 	435.56 	369.60 	107.70 	12.17
604.00 	75.03 	435.25 	369.95 	107.59 	12.17
605.00 	75.10 	434.95 	370.30 	107.48 	12.17
606.00 	75.16 	434.64 	370.65 	107.37 	12.17
607.00 	75.23 	434.34 	370.99 	107.26 	12.17
608.00 	75.30 	434.04 	371.33 	107.16 	12.18
609.00 	75.36 	433.74 	371.68 	107.05 	12.18
610.00 	75.43 	433.44 	372.02 	106.94 	12.18
611.00 	75.49 	433.14 	372.35 	106.83 	12.18
612.00 	75.56 	432.84 	372.69 	106.72 	12.19
613.00 	75.62 	432.55 	373.03 	106.61 	12.19
614.00 	75.69 	432.25 	373.36 	106.51 	12.19
615.00 	75.75 	431.96 	373.70 	106.40 	12.19
616.00 	75.82 	431.67 	374.03 	106.29 	12.19
617.00 	75.88 	431.38 	374.36 	106.19 	12.20
618.00 	75.95 	431.09 	374.69 	106.08 	12.20
619.00 	76.01 	430.80 	375.01 	105.98 	12.20
620.00 	76.07 	430.51 	375.34 	105.87 	12.20
621.00 	76.14 	430.23 	375.67 	105.77 	12.21
622.00 	76.20 	429.94 	375.99 	105.66 	12.21
623.00 	76.26 	429.66 	376.31 	105.56 	12.21
624.00 	76.33 	429.38 	376.63 	105.45 	12.21
625.00 	76.39 	429.09 	376.95 	105.35 	12.21
626.00 	76.45 	428.81 	377.27 	105.24 	12.22
627.00 	76.52 	428.54 	377.59 	105.14 	12.22
628.00 	76.58 	428.26 	377.90 	105.04 	12.22
629.00 	76.64 	427.98 	378.22 	104.94 	12.22
630.00 	76.71 	427.71 	378.53 	104.83 	12.22
631.00 	76.77 	427.43 	378.84 	104.73 	12.23
632.00 	76.83 	427.16 	379.15 	104.63 	12.23
633.00 	76.89 	426.89 	379.46 	104.53 	12.23
634.00 	76.95 	426.62 	379.77 	104.43 	12.23
635.00 	77.02 	426.35 	380.07 	104.33 	12.24
636.00 	77.08 	426.08 	380.38 	104.22 	12.24
637.00 	77.14 	425.81 	380.68 	104.12 	12.24
638.00 	77.20 	425.55 	380.99 	104.02 	12.24
639.00 	77.26 	425.28 	381.29 	103.92 	12.24
640.00 	77.32 	425.02 	381.59 	103.82 	12.25
641.00 	77.38 	424.76 	381.89 	103.73 	12.25
642.00 	77.44 	424.50 	382.18 	103.63 	12.25
643.00 	77.50 	424.24 	382.48 	103.53 	12.25
644.00 	77.56 	423.98 	382.77 	103.43 	12.25
645.00 	77.63 	423.72 	383.07 	103.33 	12.26
646.00 	77.69 	423.46 	383.36 	103.23 	12.26
647.00 	77.75 	423.21 	383.65 	103.14 	12.26
648.00 	77.80 	422.95 	383.94 	103.04 	12.26
649.00 	77.86 	422.70 	384.23 	102.94 	12.26
650.00 	77.92 	422.45 	384.52 	102.85 	12.27
651.00 	77.98 	422.19 	384.81 	102.75 	12.27
652.00 	78.04 	421.94 	385.09 	102.65 	12.27
653.00 	78.10 	421.70 	385.37 	102.56 	12.27
654.00 	78.16 	421.45 	385.66 	102.46 	12.27
655.00 	78.22 	421.20 	385.94 	102.37 	12.28
656.00 	78.28 	420.95 	386.22 	102.27 	12.28
657.00 	78.34 	420.71 	386.50 	102.18 	12.28
658.00 	78.39 	420.47 	386.78 	102.08 	12.28
659.00 	78.45 	420.22 	387.05 	101.99 	12.29
660.00 	78.51 	419.98 	387.33 	101.89 	12.29
661.00 	78.57 	419.74 	387.60 	101.80 	12.29
662.00 	78.62 	419.50 	387.88 	101.71 	12.29
663.00 	78.68 	419.26 	388.15 	101.61 	12.29
664.00 	78.74 	419.02 	388.42 	101.52 	12.30
665.00 	78.80 	418.79 	388.69 	101.43 	12.30
666.00 	78.85 	418.55 	388.96 	101.33 	12.30
667.00 	78.91 	418.32 	389.23 	101.24 	12.30
668.00 	78.97 	418.08 	389.50 	101.15 	12.30
669.00 	79.02 	417.85 	389.76 	101.06 	12.31
670.00 	79.08 	417.62 	390.03 	100.97 	12.31
671.00 	79.14 	417.39 	390.29 	100.88 	12.31
672.00 	79.19 	417.16 	390.55 	100.79 	12.31
673.00 	79.25 	416.93 	390.81 	100.69 	12.31
674.00 	79.30 	416.70 	391.07 	100.60 	12.32
675.00 	79.36 	416.48 	391.33 	100.51 	12.32
676.00 	79.41 	416.25 	391.59 	100.42 	12.32
677.00 	79.47 	416.03 	391.85 	100.34 	12.32
678.00 	79.52 	415.80 	392.10 	100.25 	12.32
679.00 	79.58 	415.58 	392.36 	100.16 	12.32
680.00 	79.63 	415.36 	392.61 	100.07 	12.33
681.00 	79.69 	415.14 	392.86 	99.98 	12.33
682.00 	79.74 	414.92 	393.12 	99.89 	12.33
683.00 	79.80 	414.70 	393.37 	99.80 	12.33
684.00 	79.85 	414.48 	393.62 	99.72 	12.33
685.00 	79.90 	414.27 	393.86 	99.63 	12.34
686.00 	79.96 	414.05 	394.11 	99.54 	12.34
687.00 	80.01 	413.84 	394.36 	99.45 	12.34
688.00 	80.06 	413.62 	394.60 	99.37 	12.34
689.00 	80.12 	413.41 	394.85 	99.28 	12.34
690.00 	80.17 	413.20 	395.09 	99.19 	12.35
691.00 	80.22 	412.99 	395.33 	99.11 	12.35
692.00 	80.28 	412.78 	395.57 	99.02 	12.35
693.00 	80.33 	412.57 	395.82 	98.94 	12.35
694.00 	80.38 	412.36 	396.05 	98.85 	12.35
695.00 	80.43 	412.15 	396.29 	98.77 	12.36
696.00 	80.49 	411.94 	396.53 	98.68 	12.36
697.00 	80.54 	411.74 	396.77 	98.60 	12.36
698.00 	80.59 	411.53 	397.00 	98.51 	12.36
699.00 	80.64 	411.33 	397.24 	98.43 	12.36
700.00 	80.69 	411.13 	397.47 	98.34 	12.36
701.00 	80.75 	410.93 	397.70 	98.26 	12.37
702.00 	80.80 	410.72 	397.93 	98.18 	12.37
703.00 	80.85 	410.52 	398.16 	98.09 	12.37
704.00 	80.90 	410.32 	398.39 	98.01 	12.37
705.00 	80.95 	410.13 	398.62 	97.93 	12.37
706.00 	81.00 	409.93 	398.85 	97.85 	12.38
707.00 	81.05 	409.73 	399.08 	97.76 	12.38
708.00 	81.10 	409.54 	399.30 	97.68 	12.38
709.00 	81.15 	409.34 	399.53 	97.60 	12.38
710.00 	81.20 	409.15 	399.75 	97.52 	12.38
711.00 	81.25 	408.95 	399.97 	97.44 	12.38
712.00 	81.30 	408.76 	400.20 	97.36 	12.39
713.00 	81.35 	408.57 	400.42 	97.28 	12.39
714.00 	81.40 	408.38 	400.64 	97.20 	12.39
715.00 	81.45 	408.19 	400.86 	97.12 	12.39
716.00 	81.50 	408.00 	401.07 	97.04 	12.39
717.00 	81.55 	407.81 	401.29 	96.96 	12.40
718.00 	81.59 	407.62 	401.51 	96.88 	12.40
719.00 	81.64 	407.44 	401.72 	96.80 	12.40
720.00 	81.69 	407.25 	401.94 	96.72 	12.40
721.00 	81.74 	407.07 	402.15 	96.64 	12.40
722.00 	81.79 	406.88 	402.36 	96.56 	12.40
723.00 	81.84 	406.70 	402.58 	96.48 	12.41
724.00 	81.88 	406.52 	402.79 	96.40 	12.41
725.00 	81.93 	406.34 	403.00 	96.32 	12.41
726.00 	81.98 	406.15 	403.21 	96.25 	12.41
727.00 	82.03 	405.97 	403.42 	96.17 	12.41
728.00 	82.07 	405.80 	403.62 	96.09 	12.41
729.00 	82.12 	405.62 	403.83 	96.01 	12.42
730.00 	82.17 	405.44 	404.04 	95.94 	12.42
731.00 	82.21 	405.26 	404.24 	95.86 	12.42
732.00 	82.26 	405.09 	404.45 	95.78 	12.42
733.00 	82.31 	404.91 	404.65 	95.71 	12.42
734.00 	82.35 	404.74 	404.85 	95.63 	12.42
735.00 	82.40 	404.56 	405.05 	95.56 	12.43
736.00 	82.45 	404.39 	405.25 	95.48 	12.43
737.00 	82.49 	404.22 	405.45 	95.41 	12.43
738.00 	82.54 	404.05 	405.65 	95.33 	12.43
739.00 	82.58 	403.88 	405.85 	95.26 	12.43
740.00 	82.63 	403.71 	406.05 	95.18 	12.43
741.00 	82.67 	403.54 	406.25 	95.11 	12.44
742.00 	82.72 	403.37 	406.44 	95.03 	12.44
743.00 	82.76 	403.20 	406.64 	94.96 	12.44
744.00 	82.81 	403.03 	406.83 	94.88 	12.44
745.00 	82.85 	402.87 	407.03 	94.81 	12.44
746.00 	82.90 	402.70 	407.22 	94.74 	12.44
747.00 	82.94 	402.54 	407.41 	94.66 	12.45
748.00 	82.99 	402.37 	407.60 	94.59 	12.45
749.00 	83.03 	402.21 	407.79 	94.52 	12.45
750.00 	83.08 	402.05 	407.98 	94.44 	12.45
751.00 	83.12 	401.89 	408.17 	94.37 	12.45
752.00 	83.16 	401.73 	408.36 	94.30 	12.45
753.00 	83.21 	401.57 	408.55 	94.23 	12.46
754.00 	83.25 	401.41 	408.73 	94.16 	12.46
755.00 	83.29 	401.25 	408.92 	94.08 	12.46
756.00 	83.34 	401.09 	409.10 	94.01 	12.46
757.00 	83.38 	400.93 	409.29 	93.94 	12.46
758.00 	83.42 	400.78 	409.47 	93.87 	12.46
759.00 	83.46 	400.62 	409.65 	93.80 	12.47
760.00 	83.51 	400.46 	409.83 	93.73 	12.47
761.00 	83.55 	400.31 	410.02 	93.66 	12.47
762.00 	83.59 	400.16 	410.20 	93.59 	12.47
763.00 	83.63 	400.00 	410.38 	93.52 	12.47
764.00 	83.68 	399.85 	410.55 	93.45 	12.47
765.00 	83.72 	399.70 	410.73 	93.38 	12.47
766.00 	83.76 	399.55 	410.91 	93.31 	12.48
767.00 	83.80 	399.40 	411.09 	93.24 	12.48
768.00 	83.84 	399.25 	411.26 	93.17 	12.48
769.00 	83.88 	399.10 	411.44 	93.10 	12.48
770.00 	83.92 	398.95 	411.61 	93.03 	12.48
771.00 	83.96 	398.80 	411.79 	92.96 	12.48
772.00 	84.01 	398.65 	411.96 	92.90 	12.49
773.00 	84.05 	398.51 	412.13 	92.83 	12.49
774.00 	84.09 	398.36 	412.30 	92.76 	12.49
775.00 	84.13 	398.22 	412.47 	92.69 	12.49
776.00 	84.17 	398.07 	412.64 	92.63 	12.49
777.00 	84.21 	397.93 	412.81 	92.56 	12.49
778.00 	84.25 	397.79 	412.98 	92.49 	12.49
779.00 	84.29 	397.64 	413.15 	92.42 	12.50
780.00 	84.33 	397.50 	413.32 	92.36 	12.50
781.00 	84.37 	397.36 	413.48 	92.29 	12.50
782.00 	84.41 	397.22 	413.65 	92.22 	12.50
783.00 	84.45 	397.08 	413.82 	92.16 	12.50
784.00 	84.48 	396.94 	413.98 	92.09 	12.50
785.00 	84.52 	396.80 	414.15 	92.03 	12.50
786.00 	84.56 	396.66 	414.31 	91.96 	12.51
787.00 	84.60 	396.53 	414.47 	91.89 	12.51
788.00 	84.64 	396.39 	414.63 	91.83 	12.51
789.00 	84.68 	396.25 	414.79 	91.76 	12.51
790.00 	84.72 	396.12 	414.96 	91.70 	12.51
791.00 	84.75 	395.98 	415.12 	91.63 	12.51
792.00 	84.79 	395.85 	415.27 	91.57 	12.51
793.00 	84.83 	395.71 	415.43 	91.51 	12.52
794.00 	84.87 	395.58 	415.59 	91.44 	12.52
795.00 	84.91 	395.45 	415.75 	91.38 	12.52
796.00 	84.94 	395.32 	415.91 	91.31 	12.52
797.00 	84.98 	395.19 	416.06 	91.25 	12.52
798.00 	85.02 	395.05 	416.22 	91.19 	12.52
799.00 	85.05 	394.92 	416.37 	91.12 	12.52
800.00 	85.09 	394.80 	416.53 	91.06 	12.53
801.00 	85.13 	394.67 	416.68 	91.00 	12.53
802.00 	85.17 	394.54 	416.83 	90.94 	12.53
803.00 	85.20 	394.41 	416.99 	90.87 	12.53
804.00 	85.24 	394.28 	417.14 	90.81 	12.53
805.00 	85.27 	394.16 	417.29 	90.75 	12.53
806.00 	85.31 	394.03 	417.44 	90.69 	12.53
807.00 	85.35 	393.90 	417.59 	90.62 	12.54
808.00 	85.38 	393.78 	417.74 	90.56 	12.54
809.00 	85.42 	393.66 	417.89 	90.50 	12.54
810.00 	85.45 	393.53 	418.03 	90.44 	12.54
811.00 	85.49 	393.41 	418.18 	90.38 	12.54
812.00 	85.53 	393.29 	418.33 	90.32 	12.54
813.00 	85.56 	393.16 	418.48 	90.26 	12.54
814.00 	85.60 	393.04 	418.62 	90.20 	12.54
815.00 	85.63 	392.92 	418.77 	90.14 	12.55
816.00 	85.67 	392.80 	418.91 	90.08 	12.55
817.00 	85.70 	392.68 	419.05 	90.02 	12.55
818.00 	85.74 	392.56 	419.20 	89.96 	12.55
819.00 	85.77 	392.44 	419.34 	89.90 	12.55
820.00 	85.80 	392.33 	419.48 	89.84 	12.55
821.00 	85.84 	392.21 	419.62 	89.78 	12.55
822.00 	85.87 	392.09 	419.77 	89.72 	12.55
823.00 	85.91 	391.97 	419.91 	89.66 	12.56
824.00 	85.94 	391.86 	420.05 	89.60 	12.56
825.00 	85.97 	391.74 	420.18 	89.54 	12.56
826.00 	86.01 	391.63 	420.32 	89.48 	12.56
827.00 	86.04 	391.51 	420.46 	89.42 	12.56
828.00 	86.07 	391.40 	420.60 	89.36 	12.56
829.00 	86.11 	391.29 	420.74 	89.31 	12.56
830.00 	86.14 	391.17 	420.87 	89.25 	12.56
831.00 	86.17 	391.06 	421.01 	89.19 	12.57
832.00 	86.21 	390.95 	421.14 	89.13 	12.57
833.00 	86.24 	390.84 	421.28 	89.08 	12.57
834.00 	86.27 	390.73 	421.41 	89.02 	12.57
835.00 	86.30 	390.62 	421.55 	88.96 	12.57
836.00 	86.34 	390.51 	421.68 	88.90 	12.57
837.00 	86.37 	390.40 	421.81 	88.85 	12.57
838.00 	86.40 	390.29 	421.94 	88.79 	12.57
839.00 	86.43 	390.18 	422.08 	88.73 	12.58
840.00 	86.47 	390.07 	422.21 	88.68 	12.58
841.00 	86.50 	389.97 	422.34 	88.62 	12.58
842.00 	86.53 	389.86 	422.47 	88.57 	12.58
843.00 	86.56 	389.75 	422.60 	88.51 	12.58
844.00 	86.59 	389.65 	422.73 	88.45 	12.58
845.00 	86.62 	389.54 	422.85 	88.40 	12.58
846.00 	86.65 	389.44 	422.98 	88.34 	12.58
847.00 	86.69 	389.33 	423.11 	88.29 	12.59
848.00 	86.72 	389.23 	423.24 	88.23 	12.59
849.00 	86.75 	389.12 	423.36 	88.18 	12.59
850.00 	86.78 	389.02 	423.49 	88.12 	12.59
851.00 	86.81 	388.92 	423.61 	88.07 	12.59
852.00 	86.84 	388.82 	423.74 	88.01 	12.59
853.00 	86.87 	388.72 	423.86 	87.96 	12.59
854.00 	86.90 	388.61 	423.99 	87.90 	12.59
855.00 	86.93 	388.51 	424.11 	87.85 	12.59
856.00 	86.96 	388.41 	424.23 	87.80 	12.60
857.00 	86.99 	388.31 	424.36 	87.74 	12.60
858.00 	87.02 	388.22 	424.48 	87.69 	12.60
859.00 	87.05 	388.12 	424.60 	87.64 	12.60
860.00 	87.08 	388.02 	424.72 	87.58 	12.60
861.00 	87.11 	387.92 	424.84 	87.53 	12.60
862.00 	87.14 	387.82 	424.96 	87.48 	12.60
863.00 	87.17 	387.73 	425.08 	87.42 	12.60
864.00 	87.20 	387.63 	425.20 	87.37 	12.61
865.00 	87.23 	387.53 	425.32 	87.32 	12.61
866.00 	87.25 	387.44 	425.43 	87.27 	12.61
867.00 	87.28 	387.34 	425.55 	87.21 	12.61
868.00 	87.31 	387.25 	425.67 	87.16 	12.61
869.00 	87.34 	387.15 	425.79 	87.11 	12.61
870.00 	87.37 	387.06 	425.90 	87.06 	12.61
871.00 	87.40 	386.97 	426.02 	87.01 	12.61
872.00 	87.43 	386.87 	426.13 	86.95 	12.61
873.00 	87.45 	386.78 	426.25 	86.90 	12.61
874.00 	87.48 	386.69 	426.36 	86.85 	12.62
875.00 	87.51 	386.60 	426.48 	86.80 	12.62
876.00 	87.54 	386.51 	426.59 	86.75 	12.62
877.00 	87.56 	386.42 	426.70 	86.70 	12.62
878.00 	87.59 	386.33 	426.81 	86.65 	12.62
879.00 	87.62 	386.24 	426.93 	86.60 	12.62
880.00 	87.65 	386.15 	427.04 	86.55 	12.62
881.00 	87.67 	386.06 	427.15 	86.50 	12.62
882.00 	87.70 	385.97 	427.26 	86.45 	12.62
883.00 	87.73 	385.88 	427.37 	86.40 	12.63
884.00 	87.76 	385.79 	427.48 	86.35 	12.63
885.00 	87.78 	385.71 	427.59 	86.30 	12.63
886.00 	87.81 	385.62 	427.70 	86.25 	12.63
887.00 	87.84 	385.53 	427.81 	86.20 	12.63
888.00 	87.86 	385.45 	427.91 	86.15 	12.63
889.00 	87.89 	385.36 	428.02 	86.10 	12.63
890.00 	87.91 	385.27 	428.13 	86.05 	12.63
891.00 	87.94 	385.19 	428.23 	86.00 	12.63
892.00 	87.97 	385.11 	428.34 	85.95 	12.63
893.00 	87.99 	385.02 	428.45 	85.90 	12.64
894.00 	88.02 	384.94 	428.55 	85.85 	12.64
895.00 	88.04 	384.85 	428.66 	85.81 	12.64
896.00 	88.07 	384.77 	428.76 	85.76 	12.64
897.00 	88.10 	384.69 	428.87 	85.71 	12.64
898.00 	88.12 	384.61 	428.97 	85.66 	12.64
899.00 	88.15 	384.52 	429.07 	85.61 	12.64
900.00 	88.17 	384.44 	429.18 	85.57 	12.64
901.00 	88.20 	384.36 	429.28 	85.52 	12.64
902.00 	88.22 	384.28 	429.38 	85.47 	12.64
903.00 	88.25 	384.20 	429.48 	85.42 	12.65
904.00 	88.27 	384.12 	429.58 	85.38 	12.65
905.00 	88.30 	384.04 	429.69 	85.33 	12.65
906.00 	88.32 	383.96 	429.79 	85.28 	12.65
907.00 	88.35 	383.88 	429.89 	85.24 	12.65
908.00 	88.37 	383.80 	429.99 	85.19 	12.65
909.00 	88.40 	383.73 	430.08 	85.14 	12.65
910.00 	88.42 	383.65 	430.18 	85.10 	12.65
911.00 	88.44 	383.57 	430.28 	85.05 	12.65
912.00 	88.47 	383.49 	430.38 	85.00 	12.65
913.00 	88.49 	383.42 	430.48 	84.96 	12.66
914.00 	88.52 	383.34 	430.58 	84.91 	12.66
915.00 	88.54 	383.27 	430.67 	84.86 	12.66
916.00 	88.56 	383.19 	430.77 	84.82 	12.66
917.00 	88.59 	383.11 	430.87 	84.77 	12.66
918.00 	88.61 	383.04 	430.96 	84.73 	12.66
919.00 	88.63 	382.97 	431.06 	84.68 	12.66
920.00 	88.66 	382.89 	431.15 	84.64 	12.66
921.00 	88.68 	382.82 	431.25 	84.59 	12.66
922.00 	88.70 	382.74 	431.34 	84.55 	12.66
923.00 	88.73 	382.67 	431.44 	84.50 	12.66
924.00 	88.75 	382.60 	431.53 	84.46 	12.67
925.00 	88.77 	382.53 	431.62 	84.41 	12.67
926.00 	88.80 	382.45 	431.71 	84.37 	12.67
927.00 	88.82 	382.38 	431.81 	84.32 	12.67
928.00 	88.84 	382.31 	431.90 	84.28 	12.67
929.00 	88.86 	382.24 	431.99 	84.24 	12.67
930.00 	88.89 	382.17 	432.08 	84.19 	12.67
931.00 	88.91 	382.10 	432.17 	84.15 	12.67
932.00 	88.93 	382.03 	432.26 	84.10 	12.67
933.00 	88.95 	381.96 	432.36 	84.06 	12.67
934.00 	88.97 	381.89 	432.45 	84.02 	12.67
935.00 	89.00 	381.82 	432.53 	83.97 	12.67
936.00 	89.02 	381.75 	432.62 	83.93 	12.68
937.00 	89.04 	381.68 	432.71 	83.89 	12.68
938.00 	89.06 	381.62 	432.80 	83.84 	12.68
939.00 	89.08 	381.55 	432.89 	83.80 	12.68
940.00 	89.10 	381.48 	432.98 	83.76 	12.68
941.00 	89.13 	381.41 	433.07 	83.72 	12.68
942.00 	89.15 	381.35 	433.15 	83.67 	12.68
943.00 	89.17 	381.28 	433.24 	83.63 	12.68
944.00 	89.19 	381.21 	433.33 	83.59 	12.68
945.00 	89.21 	381.15 	433.41 	83.55 	12.68
946.00 	89.23 	381.08 	433.50 	83.50 	12.68
947.00 	89.25 	381.02 	433.58 	83.46 	12.69
948.00 	89.27 	380.95 	433.67 	83.42 	12.69
949.00 	89.29 	380.89 	433.75 	83.38 	12.69
950.00 	89.31 	380.82 	433.84 	83.34 	12.69
951.00 	89.33 	380.76 	433.92 	83.29 	12.69
952.00 	89.35 	380.70 	434.01 	83.25 	12.69
953.00 	89.38 	380.63 	434.09 	83.21 	12.69
954.00 	89.40 	380.57 	434.17 	83.17 	12.69
955.00 	89.42 	380.51 	434.26 	83.13 	12.69
956.00 	89.44 	380.44 	434.34 	83.09 	12.69
957.00 	89.46 	380.38 	434.42 	83.05 	12.69
958.00 	89.48 	380.32 	434.50 	83.01 	12.69
959.00 	89.50 	380.26 	434.58 	82.97 	12.69
960.00 	89.52 	380.20 	434.67 	82.93 	12.70
961.00 	89.54 	380.14 	434.75 	82.89 	12.70
962.00 	89.55 	380.08 	434.83 	82.84 	12.70
963.00 	89.57 	380.02 	434.91 	82.80 	12.70
964.00 	89.59 	379.96 	434.99 	82.76 	12.70
965.00 	89.61 	379.90 	435.07 	82.72 	12.70
966.00 	89.63 	379.84 	435.15 	82.68 	12.70
967.00 	89.65 	379.78 	435.23 	82.64 	12.70
968.00 	89.67 	379.72 	435.31 	82.60 	12.70
969.00 	89.69 	379.66 	435.38 	82.57 	12.70
970.00 	89.71 	379.60 	435.46 	82.53 	12.70
971.00 	89.73 	379.54 	435.54 	82.49 	12.70
972.00 	89.75 	379.48 	435.62 	82.45 	12.70
973.00 	89.76 	379.43 	435.69 	82.41 	12.71
974.00 	89.78 	379.37 	435.77 	82.37 	12.71
975.00 	89.80 	379.31 	435.85 	82.33 	12.71
976.00 	89.82 	379.26 	435.93 	82.29 	12.71
977.00 	89.84 	379.20 	436.00 	82.25 	12.71
978.00 	89.86 	379.14 	436.08 	82.21 	12.71
979.00 	89.88 	379.09 	436.15 	82.17 	12.71
980.00 	89.89 	379.03 	436.23 	82.14 	12.71
981.00 	89.91 	378.98 	436.30 	82.10 	12.71
982.00 	89.93 	378.92 	436.38 	82.06 	12.71
983.00 	89.95 	378.87 	436.45 	82.02 	12.71
984.00 	89.97 	378.81 	436.53 	81.98 	12.71
985.00 	89.98 	378.76 	436.60 	81.95 	12.71
986.00 	90.00 	378.70 	436.67 	81.91 	12.71
987.00 	90.02 	378.65 	436.75 	81.87 	12.72
988.00 	90.04 	378.60 	436.82 	81.83 	12.72
989.00 	90.05 	378.54 	436.89 	81.79 	12.72
990.00 	90.07 	378.49 	436.96 	81.76 	12.72
991.00 	90.09 	378.44 	437.04 	81.72 	12.72
992.00 	90.11 	378.38 	437.11 	81.68 	12.72
993.00 	90.12 	378.33 	437.18 	81.65 	12.72
994.00 	90.14 	378.28 	437.25 	81.61 	12.72
995.00 	90.16 	378.23 	437.32 	81.57 	12.72
996.00 	90.17 	378.18 	437.39 	81.53 	12.72
997.00 	90.19 	378.12 	437.46 	81.50 	12.72
998.00 	90.21 	378.07 	437.53 	81.46 	12.72
999.00 	90.22 	378.02 	437.60 	81.42 	12.72
1000.00 90.24 	377.97 	437.67 	81.39 	12.72
