time	S	I	R	V	E
1.00	990.00	5.00	0.00	0.00	5.00
2.00	988.44	5.48	0.01	1.39	4.68
3.00	986.86	5.93	0.03	2.77	4.41
4.00	985.28	6.35	0.04	4.14	4.19
5.00	983.68	6.75	0.06	5.51	4.00
6.00	982.07	7.13	0.07	6.88	3.85
7.00	980.46	7.48	0.09	8.24	3.72
8.00	978.84	7.83	0.11	9.60	3.62
9.00	977.21	8.17	0.13	10.95	3.55
10.00	975.58	8.49	0.15	12.30	3.49
11.00	973.93	8.81	0.17	13.64	3.45
12.00	972.29	9.13	0.19	14.97	3.42
13.00	970.63	9.44	0.21	16.30	3.41
14.00	968.98	9.74	0.24	17.63	3.41
15.00	967.31	10.05	0.26	18.95	3.42
16.00	965.64	10.36	0.29	20.27	3.45
17.00	963.97	10.67	0.31	21.58	3.47
18.00	962.29	10.98	0.34	22.89	3.51
19.00	960.61	11.29	0.36	24.19	3.55
20.00	958.92	11.61	0.39	25.48	3.60
21.00	957.22	11.92	0.42	26.77	3.66
22.00	955.52	12.25	0.45	28.06	3.72
23.00	953.81	12.58	0.48	29.34	3.79
24.00	952.10	12.91	0.51	30.62	3.86
25.00	950.39	13.25	0.54	31.89	3.93
26.00	948.66	13.60	0.57	33.16	4.01
27.00	946.93	13.95	0.61	34.42	4.09
28.00	945.20	14.31	0.64	35.68	4.17
29.00	943.45	14.68	0.67	36.93	4.26
30.00	941.71	15.06	0.71	38.18	4.35
31.00	939.95	15.44	0.74	39.42	4.45
32.00	938.19	15.83	0.78	40.65	4.55
33.00	936.42	16.23	0.82	41.89	4.65
34.00	934.64	16.64	0.86	43.11	4.75
35.00	932.85	17.05	0.90	44.34	4.86
36.00	931.06	17.48	0.94	45.55	4.97
37.00	929.26	17.91	0.98	46.77	5.08
38.00	927.45	18.36	1.02	47.97	5.19
39.00	925.63	18.81	1.07	49.18	5.31
40.00	923.80	19.28	1.11	50.37	5.43
41.00	921.97	19.76	1.16	51.57	5.55
42.00	920.12	20.24	1.21	52.75	5.68
43.00	918.26	20.74	1.25	53.94	5.81
44.00	916.40	21.25	1.30	55.11	5.94
45.00	914.52	21.77	1.35	56.29	6.07
46.00	912.63	22.30	1.41	57.45	6.21
47.00	910.73	22.84	1.46	58.62	6.35
48.00	908.82	23.40	1.51	59.78	6.49
49.00	906.90	23.96	1.57	60.93	6.64
50.00	904.97	24.54	1.63	62.08	6.79
51.00	903.02	25.14	1.68	63.22	6.94
52.00	901.06	25.74	1.74	64.36	7.09
53.00	899.09	26.36	1.80	65.49	7.25
54.00	897.11	26.99	1.87	66.62	7.41
55.00	895.11	27.64	1.93	67.74	7.58
56.00	893.10	28.30	1.99	68.86	7.74
57.00	891.07	28.98	2.06	69.97	7.92
58.00	889.03	29.67	2.13	71.08	8.09
59.00	886.98	30.37	2.20	72.18	8.27
60.00	884.91	31.09	2.27	73.28	8.45
61.00	882.82	31.83	2.34	74.37	8.63
62.00	880.72	32.58	2.42	75.46	8.82
63.00	878.61	33.35	2.50	76.54	9.01
64.00	876.47	34.13	2.57	77.62	9.20
65.00	874.32	34.93	2.65	78.69	9.40
66.00	872.15	35.75	2.74	79.75	9.60
67.00	869.97	36.59	2.82	80.82	9.81
68.00	867.76	37.44	2.91	81.87	10.02
69.00	865.54	38.31	2.99	82.92	10.23
70.00	863.30	39.20	3.08	83.97	10.45
71.00	861.04	40.11	3.18	85.01	10.67
72.00	858.76	41.04	3.27	86.05	10.89
73.00	856.46	41.98	3.37	87.08	11.12
74.00	854.14	42.95	3.46	88.10	11.35
75.00	851.79	43.93	3.56	89.12	11.59
76.00	849.43	44.94	3.67	90.13	11.83
77.00	847.05	45.96	3.77	91.14	12.07
78.00	844.64	47.01	3.88	92.15	12.32
79.00	842.21	48.08	3.99	93.15	12.57
80.00	839.76	49.17	4.10	94.14	12.83
81.00	837.29	50.28	4.22	95.13	13.09
82.00	834.79	51.41	4.33	96.11	13.36
83.00	832.27	52.57	4.45	97.08	13.63
84.00	829.73	53.74	4.58	98.05	13.90
85.00	827.16	54.95	4.70	99.02	14.18
86.00	824.56	56.17	4.83	99.98	14.46
87.00	821.94	57.42	4.96	100.93	14.74
88.00	819.30	58.69	5.09	101.88	15.03
89.00	816.62	59.99	5.23	102.83	15.33
90.00	813.92	61.31	5.37	103.76	15.63
91.00	811.20	62.66	5.51	104.70	15.93
92.00	808.45	64.04	5.66	105.62	16.24
93.00	805.67	65.44	5.81	106.54	16.55
94.00	802.86	66.86	5.96	107.46	16.87
95.00	800.02	68.31	6.11	108.37	17.19
96.00	797.15	69.79	6.27	109.27	17.51
97.00	794.26	71.30	6.43	110.17	17.84
98.00	791.33	72.84	6.60	111.06	18.17
99.00	788.38	74.40	6.77	111.95	18.51
100.00	785.39	75.99	6.94	112.83	18.85
101.00	782.38	77.61	7.12	113.70	19.20
102.00	779.33	79.26	7.30	114.57	19.55
103.00	776.26	80.93	7.48	115.43	19.90
104.00	773.15	82.64	7.67	116.28	20.26
105.00	770.01	84.38	7.86	117.13	20.62
106.00	766.84	86.14	8.05	117.98	20.99
107.00	763.63	87.94	8.25	118.82	21.36
108.00	760.39	89.77	8.46	119.65	21.73
109.00	757.12	91.63	8.66	120.47	22.11
110.00	753.82	93.52	8.88	121.29	22.49
111.00	750.48	95.44	9.09	122.10	22.88
112.00	747.11	97.39	9.31	122.91	23.27
113.00	743.71	99.38	9.54	123.71	23.66
114.00	740.27	101.40	9.77	124.50	24.06
115.00	736.80	103.45	10.00	125.29	24.46
116.00	733.29	105.53	10.24	126.07	24.86
117.00	729.75	107.65	10.48	126.85	25.27
118.00	726.18	109.80	10.73	127.62	25.68
119.00	722.57	111.98	10.98	128.38	26.09
120.00	718.92	114.20	11.24	129.13	26.51
121.00	715.24	116.45	11.50	129.88	26.92
122.00	711.52	118.74	11.77	130.62	27.34
123.00	707.77	121.06	12.05	131.36	27.77
124.00	703.99	123.41	12.32	132.08	28.19
125.00	700.17	125.80	12.61	132.81	28.62
126.00	696.31	128.22	12.90	133.52	29.05
127.00	692.42	130.67	13.19	134.23	29.48
128.00	688.50	133.16	13.49	134.93	29.92
129.00	684.54	135.69	13.80	135.62	30.35
130.00	680.54	138.25	14.11	136.31	30.79
131.00	676.51	140.85	14.43	136.99	31.22
132.00	672.45	143.47	14.75	137.66	31.66
133.00	668.35	146.14	15.08	138.33	32.10
134.00	664.22	148.84	15.42	138.99	32.54
135.00	660.05	151.57	15.76	139.64	32.98
136.00	655.85	154.34	16.10	140.29	33.42
137.00	651.62	157.14	16.46	140.92	33.86
138.00	647.35	159.98	16.82	141.55	34.30
139.00	643.05	162.85	17.18	142.18	34.74
140.00	638.72	165.75	17.56	142.79	35.18
141.00	634.35	168.69	17.94	143.40	35.62
142.00	629.96	171.66	18.32	144.00	36.06
143.00	625.53	174.67	18.71	144.60	36.49
144.00	621.08	177.70	19.11	145.18	36.92
145.00	616.59	180.77	19.52	145.76	37.36
146.00	612.07	183.88	19.93	146.33	37.78
147.00	607.53	187.01	20.35	146.90	38.21
148.00	602.95	190.18	20.78	147.46	38.64
149.00	598.35	193.38	21.21	148.00	39.06
150.00	593.72	196.60	21.65	148.55	39.47
151.00	589.07	199.86	22.10	149.08	39.89
152.00	584.39	203.15	22.56	149.61	40.30
153.00	579.68	206.47	23.02	150.13	40.70
154.00	574.95	209.82	23.49	150.64	41.10
155.00	570.20	213.20	23.97	151.14	41.50
156.00	565.42	216.60	24.45	151.64	41.89
157.00	560.62	220.03	24.95	152.12	42.28
158.00	555.80	223.49	25.45	152.61	42.66
159.00	550.96	226.97	25.95	153.08	43.03
160.00	546.11	230.48	26.47	153.54	43.40
161.00	541.23	234.01	26.99	154.00	43.76
162.00	536.34	237.57	27.52	154.45	44.12
163.00	531.43	241.15	28.06	154.89	44.46
164.00	526.51	244.75	28.61	155.33	44.80
165.00	521.57	248.38	29.16	155.75	45.14
166.00	516.62	252.02	29.73	156.17	45.46
167.00	511.65	255.69	30.30	156.58	45.78
168.00	506.68	259.37	30.88	156.99	46.09
169.00	501.70	263.07	31.46	157.38	46.39
170.00	496.71	266.79	32.06	157.77	46.68
171.00	491.71	270.52	32.66	158.15	46.96
172.00	486.71	274.27	33.27	158.52	47.23
173.00	481.70	278.03	33.89	158.89	47.49
174.00	476.68	281.81	34.52	159.24	47.75
175.00	471.67	285.60	35.15	159.59	47.99
176.00	466.65	289.40	35.80	159.93	48.22
177.00	461.64	293.21	36.45	160.27	48.44
178.00	456.63	297.02	37.11	160.59	48.65
179.00	451.61	300.85	37.78	160.91	48.85
180.00	446.61	304.68	38.45	161.22	49.04
181.00	441.60	308.52	39.14	161.52	49.21
182.00	436.61	312.36	39.83	161.82	49.38
183.00	431.62	316.21	40.53	162.11	49.53
184.00	426.64	320.05	41.24	162.39	49.68
185.00	421.67	323.90	41.96	162.66	49.81
186.00	416.72	327.75	42.69	162.92	49.93
187.00	411.78	331.59	43.42	163.18	50.03
188.00	406.85	335.44	44.16	163.43	50.13
189.00	401.93	339.27	44.91	163.67	50.21
190.00	397.04	343.11	45.67	163.91	50.28
191.00	392.16	346.93	46.44	164.14	50.34
192.00	387.30	350.75	47.21	164.36	50.38
193.00	382.46	354.56	47.99	164.57	50.41
194.00	377.64	358.36	48.78	164.78	50.43
195.00	372.85	362.15	49.58	164.98	50.44
196.00	368.07	365.93	50.39	165.17	50.44
197.00	363.33	369.69	51.20	165.35	50.42
198.00	358.61	373.44	52.02	165.53	50.39
199.00	353.92	377.17	52.85	165.70	50.35
200.00	349.25	380.89	53.69	165.87	50.30
201.00	344.62	384.59	54.54	166.02	50.23
202.00	340.02	388.26	55.39	166.17	50.16
203.00	335.45	391.92	56.25	166.32	50.07
204.00	330.91	395.55	57.12	166.45	49.97
205.00	326.40	399.17	57.99	166.59	49.85
206.00	321.93	402.75	58.87	166.71	49.73
207.00	317.50	406.32	59.76	166.83	49.60
208.00	313.10	409.86	60.66	166.94	49.45
209.00	308.74	413.37	61.56	167.04	49.29
210.00	304.41	416.85	62.47	167.14	49.13
211.00	300.13	420.30	63.39	167.23	48.95
212.00	295.88	423.73	64.31	167.32	48.76
213.00	291.68	427.12	65.24	167.40	48.56
214.00	287.51	430.48	66.18	167.47	48.35
215.00	283.39	433.81	67.12	167.54	48.14
216.00	279.31	437.10	68.07	167.60	47.91
217.00	275.27	440.37	69.03	167.66	47.67
218.00	271.28	443.59	69.99	167.71	47.43
219.00	267.33	446.78	70.96	167.75	47.17
220.00	263.42	449.94	71.94	167.79	46.91
221.00	259.56	453.05	72.92	167.82	46.64
222.00	255.75	456.13	73.91	167.85	46.36
223.00	251.98	459.17	74.90	167.87	46.08
224.00	248.25	462.17	75.90	167.89	45.79
225.00	244.58	465.13	76.90	167.90	45.49
226.00	240.95	468.05	77.91	167.91	45.18
227.00	237.36	470.93	78.92	167.91	44.87
228.00	233.83	473.77	79.94	167.91	44.55
229.00	230.34	476.57	80.97	167.90	44.23
230.00	226.89	479.32	82.00	167.88	43.90
231.00	223.50	482.04	83.03	167.87	43.57
232.00	220.15	484.71	84.07	167.84	43.23
233.00	216.85	487.33	85.11	167.82	42.88
234.00	213.60	489.92	86.16	167.78	42.54
235.00	210.40	492.45	87.21	167.75	42.19
236.00	207.24	494.95	88.27	167.71	41.83
237.00	204.13	497.40	89.33	167.66	41.47
238.00	201.07	499.81	90.40	167.61	41.11
239.00	198.06	502.17	91.47	167.56	40.75
240.00	195.09	504.49	92.54	167.50	40.38
241.00	192.17	506.76	93.61	167.44	40.01
242.00	189.30	508.99	94.69	167.37	39.64
243.00	186.48	511.17	95.78	167.30	39.27
244.00	183.70	513.31	96.86	167.23	38.90
245.00	180.97	515.40	97.95	167.15	38.53
246.00	178.28	517.45	99.05	167.07	38.15
247.00	175.64	519.45	100.14	166.99	37.78
248.00	173.05	521.41	101.24	166.90	37.40
249.00	170.50	523.33	102.34	166.81	37.02
250.00	168.00	525.20	103.44	166.71	36.65
251.00	165.54	527.03	104.55	166.61	36.27
252.00	163.12	528.81	105.66	166.51	35.90
253.00	160.75	530.55	106.77	166.41	35.52
254.00	158.42	532.24	107.88	166.30	35.15
255.00	156.14	533.90	109.00	166.19	34.78
256.00	153.90	535.50	110.11	166.07	34.41
257.00	151.70	537.07	111.23	165.96	34.04
258.00	149.54	538.60	112.35	165.84	33.67
259.00	147.42	540.08	113.47	165.72	33.31
260.00	145.34	541.52	114.60	165.59	32.95
261.00	143.31	542.92	115.72	165.46	32.59
262.00	141.31	544.28	116.85	165.33	32.23
263.00	139.36	545.59	117.98	165.20	31.87
264.00	137.44	546.87	119.10	165.06	31.52
265.00	135.56	548.11	120.23	164.93	31.17
266.00	133.72	549.31	121.36	164.79	30.82
267.00	131.91	550.47	122.49	164.64	30.48
268.00	130.15	551.59	123.62	164.50	30.14
269.00	128.42	552.67	124.76	164.35	29.80
270.00	126.72	553.72	125.89	164.20	29.47
271.00	125.06	554.73	127.02	164.05	29.14
272.00	123.44	555.70	128.15	163.90	28.81
273.00	121.85	556.64	129.29	163.75	28.48
274.00	120.29	557.54	130.42	163.59	28.16
275.00	118.77	558.40	131.55	163.43	27.85
276.00	117.28	559.23	132.68	163.27	27.54
277.00	115.82	560.03	133.82	163.11	27.23
278.00	114.39	560.79	134.95	162.94	26.92
279.00	113.00	561.52	136.08	162.78	26.62
280.00	111.63	562.22	137.21	162.61	26.33
281.00	110.30	562.88	138.34	162.44	26.03
282.00	109.00	563.51	139.48	162.27	25.74
283.00	107.72	564.12	140.61	162.10	25.46
284.00	106.47	564.69	141.73	161.92	25.18
285.00	105.26	565.23	142.86	161.75	24.90
286.00	104.06	565.74	143.99	161.57	24.63
287.00	102.90	566.22	145.12	161.40	24.36
288.00	101.76	566.68	146.24	161.22	24.10
289.00	100.65	567.11	147.37	161.04	23.84
290.00	99.57	567.50	148.49	160.86	23.58
291.00	98.51	567.88	149.61	160.67	23.33
292.00	97.47	568.22	150.73	160.49	23.08
293.00	96.46	568.54	151.85	160.31	22.84
294.00	95.48	568.84	152.97	160.12	22.60
295.00	94.51	569.10	154.08	159.93	22.37
296.00	93.57	569.35	155.20	159.75	22.13
297.00	92.65	569.57	156.31	159.56	21.91
298.00	91.76	569.77	157.42	159.37	21.68
299.00	90.88	569.94	158.53	159.18	21.46
300.00	90.03	570.09	159.64	158.99	21.25
301.00	89.20	570.22	160.75	158.80	21.04
302.00	88.39	570.33	161.85	158.60	20.83
303.00	87.59	570.42	162.95	158.41	20.63
304.00	86.82	570.48	164.05	158.22	20.43
305.00	86.07	570.53	165.15	158.02	20.23
306.00	85.33	570.56	166.25	157.82	20.04
307.00	84.62	570.56	167.34	157.63	19.85
308.00	83.92	570.55	168.43	157.43	19.67
309.00	83.24	570.52	169.52	157.23	19.48
310.00	82.57	570.47	170.61	157.04	19.31
311.00	81.93	570.41	171.69	156.84	19.13
312.00	81.30	570.32	172.78	156.64	18.96
313.00	80.68	570.22	173.86	156.44	18.80
314.00	80.09	570.11	174.93	156.24	18.63
315.00	79.50	569.98	176.01	156.04	18.47
316.00	78.94	569.83	177.08	155.84	18.31
317.00	78.39	569.66	178.15	155.64	18.16
318.00	77.85	569.49	179.22	155.44	18.01
319.00	77.32	569.29	180.29	155.23	17.86
320.00	76.81	569.09	181.35	155.03	17.72
321.00	76.32	568.87	182.41	154.83	17.58
322.00	75.84	568.63	183.47	154.63	17.44
323.00	75.37	568.39	184.52	154.42	17.30
324.00	74.91	568.13	185.57	154.22	17.17
325.00	74.46	567.86	186.62	154.02	17.04
326.00	74.03	567.57	187.67	153.81	16.91
327.00	73.61	567.28	188.71	153.61	16.79
328.00	73.20	566.97	189.75	153.40	16.67
329.00	72.81	566.65	190.79	153.20	16.55
330.00	72.42	566.33	191.83	153.00	16.43
331.00	72.05	565.99	192.86	152.79	16.32
332.00	71.68	565.64	193.89	152.59	16.21
333.00	71.33	565.28	194.91	152.38	16.10
334.00	70.98	564.91	195.94	152.18	15.99
335.00	70.65	564.53	196.96	151.97	15.89
336.00	70.32	564.15	197.98	151.77	15.79
337.00	70.01	563.75	198.99	151.56	15.69
338.00	69.70	563.35	200.00	151.36	15.59
339.00	69.41	562.93	201.01	151.15	15.50
340.00	69.12	562.51	202.01	150.95	15.41
341.00	68.84	562.08	203.02	150.74	15.32
342.00	68.57	561.65	204.02	150.54	15.23
343.00	68.31	561.21	205.01	150.33	15.14
344.00	68.06	560.76	206.01	150.13	15.06
345.00	67.81	560.30	206.99	149.92	14.98
346.00	67.57	559.84	207.98	149.72	14.90
347.00	67.34	559.37	208.97	149.51	14.82
348.00	67.12	558.89	209.95	149.31	14.74
349.00	66.90	558.41	210.92	149.10	14.67
350.00	66.69	557.92	211.90	148.90	14.59
351.00	66.49	557.43	212.87	148.69	14.52
352.00	66.30	556.93	213.84	148.49	14.45
353.00	66.11	556.42	214.80	148.28	14.38
354.00	65.93	555.91	215.76	148.08	14.32
355.00	65.75	555.40	216.72	147.88	14.25
356.00	65.58	554.88	217.68	147.67	14.19
357.00	65.42	554.36	218.63	147.47	14.13
358.00	65.26	553.83	219.58	147.27	14.07
359.00	65.11	553.30	220.52	147.06	14.01
360.00	64.96	552.76	221.46	146.86	13.95
361.00	64.82	552.23	222.40	146.66	13.90
362.00	64.68	551.68	223.34	146.45	13.84
363.00	64.55	551.14	224.27	146.25	13.79
364.00	64.42	550.59	225.20	146.05	13.74
365.00	64.30	550.03	226.13	145.85	13.69
366.00	64.19	549.48	227.05	145.65	13.64
367.00	64.08	548.92	227.97	145.44	13.59
368.00	63.97	548.36	228.89	145.24	13.54
369.00	63.87	547.79	229.80	145.04	13.50
370.00	63.77	547.22	230.71	144.84	13.45
371.00	63.68	546.65	231.61	144.64	13.41
372.00	63.59	546.08	232.52	144.44	13.37
373.00	63.51	545.51	233.42	144.24	13.33
374.00	63.42	544.93	234.32	144.04	13.29
375.00	63.35	544.35	235.21	143.84	13.25
376.00	63.27	543.77	236.10	143.64	13.21
377.00	63.21	543.19	236.99	143.45	13.17
378.00	63.14	542.61	237.87	143.25	13.14
379.00	63.08	542.02	238.75	143.05	13.10
380.00	63.02	541.43	239.63	142.85	13.07
381.00	62.96	540.85	240.50	142.65	13.03
382.00	62.91	540.26	241.37	142.46	13.00
383.00	62.86	539.66	242.24	142.26	12.97
384.00	62.82	539.07	243.11	142.06	12.94
385.00	62.78	538.48	243.97	141.87	12.91
386.00	62.74	537.89	244.83	141.67	12.88
387.00	62.70	537.29	245.68	141.48	12.85
388.00	62.67	536.70	246.53	141.28	12.82
389.00	62.64	536.10	247.38	141.09	12.80
390.00	62.61	535.50	248.23	140.89	12.77
391.00	62.58	534.91	249.07	140.70	12.74
392.00	62.56	534.31	249.91	140.50	12.72
393.00	62.54	533.71	250.75	140.31	12.69
394.00	62.52	533.11	251.58	140.12	12.67
395.00	62.51	532.51	252.41	139.92	12.65
396.00	62.50	531.91	253.23	139.73	12.62
397.00	62.49	531.31	254.06	139.54	12.60
398.00	62.48	530.71	254.88	139.35	12.58
399.00	62.47	530.12	255.69	139.16	12.56
400.00	62.47	529.52	256.51	138.97	12.54
401.00	62.47	528.92	257.32	138.78	12.52
402.00	62.47	528.32	258.13	138.59	12.50
403.00	62.47	527.72	258.93	138.40	12.48
404.00	62.48	527.12	259.73	138.21	12.47
405.00	62.48	526.52	260.53	138.02	12.45
406.00	62.49	525.92	261.33	137.83	12.43
407.00	62.50	525.33	262.12	137.64	12.41
408.00	62.51	524.73	262.91	137.45	12.40
409.00	62.53	524.13	263.69	137.27	12.38
410.00	62.54	523.54	264.48	137.08	12.37
411.00	62.56	522.94	265.26	136.89	12.35
412.00	62.58	522.35	266.03	136.71	12.34
413.00	62.60	521.75	266.81	136.52	12.32
414.00	62.62	521.16	267.58	136.33	12.31
415.00	62.64	520.56	268.35	136.15	12.30
416.00	62.67	519.97	269.11	135.96	12.29
417.00	62.69	519.38	269.87	135.78	12.27
418.00	62.72	518.79	270.63	135.60	12.26
419.00	62.75	518.20	271.39	135.41	12.25
420.00	62.78	517.61	272.14	135.23	12.24
421.00	62.81	517.02	272.89	135.05	12.23
422.00	62.85	516.44	273.64	134.87	12.22
423.00	62.88	515.85	274.38	134.68	12.21
424.00	62.91	515.27	275.12	134.50	12.20
425.00	62.95	514.68	275.86	134.32	12.19
426.00	62.99	514.10	276.59	134.14	12.18
427.00	63.03	513.52	277.33	133.96	12.17
428.00	63.07	512.94	278.05	133.78	12.16
429.00	63.11	512.36	278.78	133.60	12.15
430.00	63.15	511.78	279.50	133.42	12.14
431.00	63.19	511.20	280.22	133.24	12.13
432.00	63.24	510.63	280.94	133.07	12.13
433.00	63.28	510.05	281.66	132.89	12.12
434.00	63.33	509.48	282.37	132.71	12.11
435.00	63.37	508.91	283.08	132.54	12.11
436.00	63.42	508.34	283.78	132.36	12.10
437.00	63.47	507.77	284.49	132.18	12.09
438.00	63.52	507.20	285.19	132.01	12.09
439.00	63.57	506.63	285.89	131.83	12.08
440.00	63.62	506.07	286.58	131.66	12.07
441.00	63.67	505.50	287.27	131.48	12.07
442.00	63.73	504.94	287.96	131.31	12.06
443.00	63.78	504.38	288.65	131.14	12.06
444.00	63.83	503.82	289.33	130.96	12.05
445.00	63.89	503.26	290.01	130.79	12.05
446.00	63.94	502.71	290.69	130.62	12.04
447.00	64.00	502.15	291.37	130.45	12.04
448.00	64.06	501.60	292.04	130.28	12.03
449.00	64.11	501.04	292.71	130.10	12.03
450.00	64.17	500.49	293.38	129.93	12.03
451.00	64.23	499.94	294.04	129.76	12.02
452.00	64.29	499.40	294.70	129.59	12.02
453.00	64.35	498.85	295.36	129.43	12.01
454.00	64.41	498.31	296.02	129.26	12.01
455.00	64.47	497.76	296.67	129.09	12.01
456.00	64.53	497.22	297.32	128.92	12.01
457.00	64.59	496.68	297.97	128.75	12.00
458.00	64.65	496.14	298.62	128.59	12.00
459.00	64.72	495.61	299.26	128.42	12.00
460.00	64.78	495.07	299.90	128.25	11.99
461.00	64.84	494.54	300.54	128.09	11.99
462.00	64.91	494.01	301.17	127.92	11.99
463.00	64.97	493.48	301.81	127.76	11.99
464.00	65.04	492.95	302.44	127.59	11.99
465.00	65.10	492.42	303.06	127.43	11.98
466.00	65.17	491.90	303.69	127.26	11.98
467.00	65.23	491.37	304.31	127.10	11.98
468.00	65.30	490.85	304.93	126.94	11.98
469.00	65.37	490.33	305.55	126.78	11.98
470.00	65.43	489.81	306.16	126.61	11.98
471.00	65.50	489.30	306.77	126.45	11.97
472.00	65.57	488.78	307.38	126.29	11.97
473.00	65.64	488.27	307.99	126.13	11.97
474.00	65.71	487.76	308.60	125.97	11.97
475.00	65.77	487.25	309.20	125.81	11.97
476.00	65.84	486.74	309.80	125.65	11.97
477.00	65.91	486.23	310.40	125.49	11.97
478.00	65.98	485.73	310.99	125.33	11.97
479.00	66.05	485.22	311.58	125.17	11.97
480.00	66.12	484.72	312.17	125.02	11.97
481.00	66.19	484.22	312.76	124.86	11.97
482.00	66.26	483.72	313.34	124.70	11.97
483.00	66.33	483.23	313.93	124.54	11.97
484.00	66.40	482.73	314.51	124.39	11.97
485.00	66.48	482.24	315.09	124.23	11.97
486.00	66.55	481.75	315.66	124.08	11.97
487.00	66.62	481.26	316.23	123.92	11.97
488.00	66.69	480.77	316.80	123.77	11.97
489.00	66.76	480.29	317.37	123.61	11.97
490.00	66.83	479.80	317.94	123.46	11.97
491.00	66.91	479.32	318.50	123.31	11.97
492.00	66.98	478.84	319.06	123.15	11.97
493.00	67.05	478.36	319.62	123.00	11.97
494.00	67.12	477.88	320.18	122.85	11.97
495.00	67.20	477.41	320.73	122.70	11.97
496.00	67.27	476.93	321.29	122.55	11.97
497.00	67.34	476.46	321.84	122.40	11.97
498.00	67.41	475.99	322.38	122.24	11.97
499.00	67.49	475.52	322.93	122.09	11.97
500.00	67.56	475.05	323.47	121.94	11.97
501.00	67.63	474.59	324.01	121.80	11.97
502.00	67.71	474.12	324.55	121.65	11.97
503.00	67.78	473.66	325.09	121.50	11.97
504.00	67.85	473.20	325.62	121.35	11.98
505.00	67.93	472.74	326.15	121.20	11.98
506.00	68.00	472.28	326.68	121.05	11.98
507.00	68.08	471.83	327.21	120.91	11.98
508.00	68.15	471.38	327.73	120.76	11.98
509.00	68.22	470.92	328.26	120.62	11.98
510.00	68.30	470.47	328.78	120.47	11.98
511.00	68.37	470.03	329.30	120.32	11.98
512.00	68.45	469.58	329.81	120.18	11.98
513.00	68.52	469.13	330.33	120.03	11.99
514.00	68.59	468.69	330.84	119.89	11.99
515.00	68.67	468.25	331.35	119.75	11.99
516.00	68.74	467.81	331.86	119.60	11.99
517.00	68.82	467.37	332.36	119.46	11.99
518.00	68.89	466.93	332.87	119.32	11.99
519.00	68.96	466.50	333.37	119.18	11.99
520.00	69.04	466.06	333.87	119.03	12.00
521.00	69.11	465.63	334.37	118.89	12.00
522.00	69.19	465.20	334.86	118.75	12.00
523.00	69.26	464.77	335.35	118.61	12.00
524.00	69.33	464.35	335.85	118.47	12.00
525.00	69.41	463.92	336.33	118.33	12.00
526.00	69.48	463.50	336.82	118.19	12.00
527.00	69.56	463.08	337.31	118.05	12.01
528.00	69.63	462.66	337.79	117.91	12.01
529.00	69.71	462.24	338.27	117.78	12.01
530.00	69.78	461.82	338.75	117.64	12.01
531.00	69.85	461.41	339.23	117.50	12.01
532.00	69.93	460.99	339.70	117.36	12.01
533.00	70.00	460.58	340.18	117.23	12.02
534.00	70.08	460.17	340.65	117.09	12.02
535.00	70.15	459.76	341.12	116.95	12.02
536.00	70.22	459.35	341.58	116.82	12.02
537.00	70.30	458.95	342.05	116.68	12.02
538.00	70.37	458.55	342.51	116.55	12.03
539.00	70.44	458.14	342.97	116.41	12.03
540.00	70.52	457.74	343.43	116.28	12.03
541.00	70.59	457.34	343.89	116.14	12.03
542.00	70.67	456.95	344.34	116.01	12.03
543.00	70.74	456.55	344.80	115.88	12.04
544.00	70.81	456.15	345.25	115.75	12.04
545.00	70.89	455.76	345.70	115.61	12.04
546.00	70.96	455.37	346.15	115.48	12.04
547.00	71.03	454.98	346.59	115.35	12.04
548.00	71.10	454.59	347.04	115.22	12.05
549.00	71.18	454.21	347.48	115.09	12.05
550.00	71.25	453.82	347.92	114.96	12.05
551.00	71.32	453.44	348.36	114.83	12.05
552.00	71.40	453.06	348.80	114.70	12.05
553.00	71.47	452.68	349.23	114.57	12.06
554.00	71.54	452.30	349.67	114.44	12.06
555.00	71.61	451.92	350.10	114.31	12.06
556.00	71.69	451.54	350.53	114.18	12.06
557.00	71.76	451.17	350.95	114.05	12.06
558.00	71.83	450.80	351.38	113.93	12.07
559.00	71.90	450.43	351.80	113.80	12.07
560.00	71.98	450.06	352.23	113.67	12.07
561.00	72.05	449.69	352.65	113.54	12.07
562.00	72.12	449.32	353.07	113.42	12.07
563.00	72.19	448.96	353.48	113.29	12.08
564.00	72.26	448.59	353.90	113.17	12.08
565.00	72.33	448.23	354.31	113.04	12.08
566.00	72.41	447.87	354.72	112.92	12.08
567.00	72.48	447.51	355.14	112.79	12.08
568.00	72.55	447.15	355.54	112.67	12.09
569.00	72.62	446.80	355.95	112.54	12.09
570.00	72.69	446.44	356.36	112.42	12.09
571.00	72.76	446.09	356.76	112.30	12.09
572.00	72.83	445.74	357.16	112.18	12.10
573.00	72.90	445.39	357.56	112.05	12.10
574.00	72.97	445.04	357.96	111.93	12.10
575.00	73.04	444.69	358.36	111.81	12.10
576.00	73.11	444.34	358.75	111.69	12.10
577.00	73.18	444.00	359.14	111.57	12.11
578.00	73.25	443.65	359.54	111.45	12.11
579.00	73.32	443.31	359.93	111.33	12.11
580.00	73.39	442.97	360.31	111.21	12.11
581.00	73.46	442.63	360.70	111.09	12.12
582.00	73.53	442.30	361.09	110.97	12.12
583.00	73.60	441.96	361.47	110.85	12.12
584.00	73.67	441.62	361.85	110.73	12.12
585.00	73.74	441.29	362.23	110.61	12.12
586.00	73.81	440.96	362.61	110.49	12.13
587.00	73.88	440.63	362.99	110.38	12.13
588.00	73.95	440.30	363.36	110.26	12.13
589.00	74.02	439.97	363.74	110.14	12.13
590.00	74.09	439.64	364.11	110.02	12.14
591.00	74.15	439.32	364.48	109.91	12.14
592.00	74.22	439.00	364.85	109.79	12.14
593.00	74.29	438.67	365.22	109.68	12.14
594.00	74.36	438.35	365.58	109.56	12.14
595.00	74.43	438.03	365.95	109.45	12.15
596.00	74.49	437.71	366.31	109.33	12.15
597.00	74.56	437.40	366.67	109.22	12.15
598.00	74.63	437.08	367.03	109.10	12.15
599.00	74.70	436.77	367.39	108.99	12.16
600.00	74.76	436.45	367.75	108.88	12.16
601.00	74.83	436.14	368.11	108.76	12.16
602.00	74.90	435.83	368.46	108.65	12.16
603.00	74.96	435.52	368.81	108.54	12.16
604.00	75.03	435.21	369.16	108.43	12.17
605.00	75.10	434.91	369.51	108.31	12.17
606.00	75.16	434.60	369.86	108.20	12.17
607.00	75.23	434.30	370.21	108.09	12.17
608.00	75.30	433.99	370.55	107.98	12.18
609.00	75.36	433.69	370.90	107.87	12.18
610.00	75.43	433.39	371.24	107.76	12.18
611.00	75.49	433.09	371.58	107.65	12.18
612.00	75.56	432.80	371.92	107.54	12.18
613.00	75.62	432.50	372.26	107.43	12.19
614.00	75.69	432.21	372.60	107.32	12.19
615.00	75.75	431.91	372.93	107.21	12.19
616.00	75.82	431.62	373.26	107.10	12.19
617.00	75.88	431.33	373.60	107.00	12.20
618.00	75.95	431.04	373.93	106.89	12.20
619.00	76.01	430.75	374.26	106.78	12.20
620.00	76.08	430.46	374.59	106.67	12.20
621.00	76.14	430.17	374.91	106.57	12.20
622.00	76.20	429.89	375.24	106.46	12.21
623.00	76.27	429.61	375.56	106.35	12.21
624.00	76.33	429.32	375.89	106.25	12.21
625.00	76.40	429.04	376.21	106.14	12.21
626.00	76.46	428.76	376.53	106.04	12.21
627.00	76.52	428.48	376.85	105.93	12.22
628.00	76.59	428.20	377.16	105.83	12.22
629.00	76.65	427.93	377.48	105.72	12.22
630.00	76.71	427.65	377.80	105.62	12.22
631.00	76.77	427.38	378.11	105.52	12.23
632.00	76.84	427.10	378.42	105.41	12.23
633.00	76.90	426.83	378.73	105.31	12.23
634.00	76.96	426.56	379.04	105.21	12.23
635.00	77.02	426.29	379.35	105.10	12.23
636.00	77.08	426.02	379.66	105.00	12.24
637.00	77.15	425.75	379.96	104.90	12.24
638.00	77.21	425.49	380.27	104.80	12.24
639.00	77.27	425.22	380.57	104.70	12.24
640.00	77.33	424.96	380.87	104.59	12.25
641.00	77.39	424.70	381.17	104.49	12.25
642.00	77.45	424.43	381.47	104.39	12.25
643.00	77.51	424.17	381.77	104.29	12.25
644.00	77.57	423.91	382.07	104.19	12.25
645.00	77.63	423.66	382.36	104.09	12.26
646.00	77.69	423.40	382.66	103.99	12.26
647.00	77.75	423.14	382.95	103.89	12.26
648.00	77.81	422.89	383.24	103.79	12.26
649.00	77.87	422.63	383.53	103.70	12.26
650.00	77.93	422.38	383.82	103.60	12.27
651.00	77.99	422.13	384.11	103.50	12.27
652.00	78.05	421.88	384.40	103.40	12.27
653.00	78.11	421.63	384.68	103.30	12.27
654.00	78.17	421.38	384.97	103.21	12.27
655.00	78.23	421.13	385.25	103.11	12.28
656.00	78.29	420.89	385.53	103.01	12.28
657.00	78.35	420.64	385.82	102.92	12.28
658.00	78.40	420.40	386.10	102.82	12.28
659.00	78.46	420.15	386.37	102.72	12.28
660.00	78.52	419.91	386.65	102.63	12.29
661.00	78.58	419.67	386.93	102.53	12.29
662.00	78.64	419.43	387.20	102.44	12.29
663.00	78.69	419.19	387.48	102.34	12.29
664.00	78.75	418.95	387.75	102.25	12.29
665.00	78.81	418.72	388.02	102.16	12.30
666.00	78.86	418.48	388.29	102.06	12.30
667.00	78.92	418.25	388.56	101.97	12.30
668.00	78.98	418.01	388.83	101.87	12.30
669.00	79.03	417.78	389.10	101.78	12.30
670.00	79.09	417.55	389.37	101.69	12.31
671.00	79.15	417.32	389.63	101.60	12.31
672.00	79.20	417.09	389.89	101.50	12.31
673.00	79.26	416.86	390.16	101.41	12.31
674.00	79.31	416.63	390.42	101.32	12.31
675.00	79.37	416.41	390.68	101.23	12.32
676.00	79.43	416.18	390.94	101.14	12.32
677.00	79.48	415.95	391.20	101.04	12.32
678.00	79.54	415.73	391.46	100.95	12.32
679.00	79.59	415.51	391.71	100.86	12.32
680.00	79.65	415.29	391.97	100.77	12.33
681.00	79.70	415.07	392.22	100.68	12.33
682.00	79.76	414.85	392.47	100.59	12.33
683.00	79.81	414.63	392.73	100.50	12.33
684.00	79.86	414.41	392.98	100.41	12.33
685.00	79.92	414.19	393.23	100.33	12.34
686.00	79.97	413.98	393.48	100.24	12.34
687.00	80.03	413.76	393.73	100.15	12.34
688.00	80.08	413.55	393.97	100.06	12.34
689.00	80.13	413.33	394.22	99.97	12.34
690.00	80.19	413.12	394.46	99.88	12.35
691.00	80.24	412.91	394.71	99.80	12.35
692.00	80.29	412.70	394.95	99.71	12.35
693.00	80.34	412.49	395.19	99.62	12.35
694.00	80.40	412.28	395.43	99.54	12.35
695.00	80.45	412.07	395.67	99.45	12.36
696.00	80.50	411.87	395.91	99.36	12.36
697.00	80.55	411.66	396.15	99.28	12.36
698.00	80.61	411.46	396.39	99.19	12.36
699.00	80.66	411.25	396.62	99.11	12.36
700.00	80.71	411.05	396.86	99.02	12.36
701.00	80.76	410.85	397.09	98.94	12.37
702.00	80.81	410.65	397.32	98.85	12.37
703.00	80.86	410.45	397.56	98.77	12.37
704.00	80.91	410.25	397.79	98.68	12.37
705.00	80.96	410.05	398.02	98.60	12.37
706.00	81.02	409.85	398.25	98.51	12.38
707.00	81.07	409.65	398.47	98.43	12.38
708.00	81.12	409.46	398.70	98.35	12.38
709.00	81.17	409.26	398.93	98.26	12.38
710.00	81.22	409.07	399.15	98.18	12.38
711.00	81.27	408.87	399.38	98.10	12.38
712.00	81.32	408.68	399.60	98.02	12.39
713.00	81.37	408.49	399.82	97.93	12.39
714.00	81.42	408.30	400.04	97.85	12.39
715.00	81.47	408.11	400.26	97.77	12.39
716.00	81.51	407.92	400.48	97.69	12.39
717.00	81.56	407.73	400.70	97.61	12.40
718.00	81.61	407.54	400.92	97.53	12.40
719.00	81.66	407.36	401.14	97.45	12.40
720.00	81.71	407.17	401.35	97.36	12.40
721.00	81.76	406.99	401.57	97.28	12.40
722.00	81.81	406.80	401.78	97.20	12.40
723.00	81.85	406.62	402.00	97.12	12.41
724.00	81.90	406.44	402.21	97.04	12.41
725.00	81.95	406.25	402.42	96.97	12.41
726.00	82.00	406.07	402.63	96.89	12.41
727.00	82.04	405.89	402.84	96.81	12.41
728.00	82.09	405.71	403.05	96.73	12.41
729.00	82.14	405.53	403.26	96.65	12.42
730.00	82.19	405.36	403.47	96.57	12.42
731.00	82.23	405.18	403.67	96.49	12.42
732.00	82.28	405.00	403.88	96.42	12.42
733.00	82.33	404.83	404.08	96.34	12.42
734.00	82.37	404.65	404.29	96.26	12.42
735.00	82.42	404.48	404.49	96.18	12.43
736.00	82.46	404.31	404.69	96.11	12.43
737.00	82.51	404.14	404.89	96.03	12.43
738.00	82.56	403.96	405.09	95.95	12.43
739.00	82.60	403.79	405.29	95.88	12.43
740.00	82.65	403.62	405.49	95.80	12.43
741.00	82.69	403.45	405.69	95.72	12.44
742.00	82.74	403.29	405.89	95.65	12.44
743.00	82.78	403.12	406.09	95.57	12.44
744.00	82.83	402.95	406.28	95.50	12.44
745.00	82.87	402.78	406.48	95.42	12.44
746.00	82.92	402.62	406.67	95.35	12.44
747.00	82.96	402.45	406.86	95.27	12.45
748.00	83.01	402.29	407.06	95.20	12.45
749.00	83.05	402.13	407.25	95.13	12.45
750.00	83.09	401.96	407.44	95.05	12.45
751.00	83.14	401.80	407.63	94.98	12.45
752.00	83.18	401.64	407.82	94.90	12.45
753.00	83.23	401.48	408.01	94.83	12.46
754.00	83.27	401.32	408.19	94.76	12.46
755.00	83.31	401.16	408.38	94.68	12.46
756.00	83.36	401.01	408.57	94.61	12.46
757.00	83.40	400.85	408.75	94.54	12.46
758.00	83.44	400.69	408.94	94.47	12.46
759.00	83.48	400.54	409.12	94.39	12.47
760.00	83.53	400.38	409.30	94.32	12.47
761.00	83.57	400.23	409.49	94.25	12.47
762.00	83.61	400.07	409.67	94.18	12.47
763.00	83.65	399.92	409.85	94.11	12.47
764.00	83.70	399.77	410.03	94.04	12.47
765.00	83.74	399.61	410.21	93.97	12.47
766.00	83.78	399.46	410.39	93.90	12.48
767.00	83.82	399.31	410.56	93.83	12.48
768.00	83.86	399.16	410.74	93.75	12.48
769.00	83.90	399.01	410.92	93.68	12.48
770.00	83.94	398.86	411.09	93.61	12.48
771.00	83.99	398.72	411.27	93.55	12.48
772.00	84.03	398.57	411.44	93.48	12.49
773.00	84.07	398.42	411.62	93.41	12.49
774.00	84.11	398.28	411.79	93.34	12.49
775.00	84.15	398.13	411.96	93.27	12.49
776.00	84.19	397.99	412.13	93.20	12.49
777.00	84.23	397.84	412.30	93.13	12.49
778.00	84.27	397.70	412.47	93.06	12.49
779.00	84.31	397.56	412.64	92.99	12.50
780.00	84.35	397.42	412.81	92.93	12.50
781.00	84.39	397.28	412.98	92.86	12.50
782.00	84.43	397.14	413.15	92.79	12.50
783.00	84.47	397.00	413.31	92.72	12.50
784.00	84.51	396.86	413.48	92.66	12.50
785.00	84.54	396.72	413.64	92.59	12.50
786.00	84.58	396.58	413.81	92.52	12.51
787.00	84.62	396.44	413.97	92.46	12.51
788.00	84.66	396.31	414.14	92.39	12.51
789.00	84.70	396.17	414.30	92.32	12.51
790.00	84.74	396.03	414.46	92.26	12.51
791.00	84.78	395.90	414.62	92.19	12.51
792.00	84.81	395.76	414.78	92.13	12.51
793.00	84.85	395.63	414.94	92.06	12.52
794.00	84.89	395.50	415.10	91.99	12.52
795.00	84.93	395.37	415.26	91.93	12.52
796.00	84.96	395.23	415.42	91.86	12.52
797.00	85.00	395.10	415.57	91.80	12.52
798.00	85.04	394.97	415.73	91.74	12.52
799.00	85.08	394.84	415.89	91.67	12.52
800.00	85.11	394.71	416.04	91.61	12.53
801.00	85.15	394.58	416.20	91.54	12.53
802.00	85.19	394.45	416.35	91.48	12.53
803.00	85.22	394.33	416.50	91.42	12.53
804.00	85.26	394.20	416.66	91.35	12.53
805.00	85.30	394.07	416.81	91.29	12.53
806.00	85.33	393.95	416.96	91.23	12.53
807.00	85.37	393.82	417.11	91.16	12.54
808.00	85.40	393.70	417.26	91.10	12.54
809.00	85.44	393.57	417.41	91.04	12.54
810.00	85.48	393.45	417.56	90.97	12.54
811.00	85.51	393.33	417.71	90.91	12.54
812.00	85.55	393.20	417.86	90.85	12.54
813.00	85.58	393.08	418.00	90.79	12.54
814.00	85.62	392.96	418.15	90.73	12.54
815.00	85.65	392.84	418.30	90.66	12.55
816.00	85.69	392.72	418.44	90.60	12.55
817.00	85.72	392.60	418.59	90.54	12.55
818.00	85.76	392.48	418.73	90.48	12.55
819.00	85.79	392.36	418.88	90.42	12.55
820.00	85.83	392.24	419.02	90.36	12.55
821.00	85.86	392.13	419.16	90.30	12.55
822.00	85.89	392.01	419.30	90.24	12.56
823.00	85.93	391.89	419.44	90.18	12.56
824.00	85.96	391.78	419.59	90.12	12.56
825.00	86.00	391.66	419.73	90.06	12.56
826.00	86.03	391.55	419.87	90.00	12.56
827.00	86.06	391.43	420.00	89.94	12.56
828.00	86.10	391.32	420.14	89.88	12.56
829.00	86.13	391.20	420.28	89.82	12.56
830.00	86.16	391.09	420.42	89.76	12.57
831.00	86.20	390.98	420.56	89.70	12.57
832.00	86.23	390.87	420.69	89.64	12.57
833.00	86.26	390.76	420.83	89.58	12.57
834.00	86.29	390.65	420.96	89.53	12.57
835.00	86.33	390.54	421.10	89.47	12.57
836.00	86.36	390.43	421.23	89.41	12.57
837.00	86.39	390.32	421.37	89.35	12.57
838.00	86.42	390.21	421.50	89.29	12.58
839.00	86.46	390.10	421.63	89.24	12.58
840.00	86.49	389.99	421.76	89.18	12.58
841.00	86.52	389.88	421.89	89.12	12.58
842.00	86.55	389.78	422.03	89.07	12.58
843.00	86.58	389.67	422.16	89.01	12.58
844.00	86.61	389.57	422.29	88.95	12.58
845.00	86.65	389.46	422.42	88.89	12.58
846.00	86.68	389.36	422.54	88.84	12.59
847.00	86.71	389.25	422.67	88.78	12.59
848.00	86.74	389.15	422.80	88.73	12.59
849.00	86.77	389.04	422.93	88.67	12.59
850.00	86.80	388.94	423.05	88.61	12.59
851.00	86.83	388.84	423.18	88.56	12.59
852.00	86.86	388.74	423.31	88.50	12.59
853.00	86.89	388.64	423.43	88.45	12.59
854.00	86.92	388.54	423.56	88.39	12.59
855.00	86.95	388.44	423.68	88.34	12.60
856.00	86.98	388.34	423.80	88.28	12.60
857.00	87.01	388.24	423.93	88.23	12.60
858.00	87.04	388.14	424.05	88.17	12.60
859.00	87.07	388.04	424.17	88.12	12.60
860.00	87.10	387.94	424.29	88.06	12.60
861.00	87.13	387.84	424.42	88.01	12.60
862.00	87.16	387.75	424.54	87.96	12.60
863.00	87.19	387.65	424.66	87.90	12.60
864.00	87.22	387.55	424.78	87.85	12.61
865.00	87.25	387.46	424.90	87.79	12.61
866.00	87.28	387.36	425.01	87.74	12.61
867.00	87.30	387.27	425.13	87.69	12.61
868.00	87.33	387.17	425.25	87.63	12.61
869.00	87.36	387.08	425.37	87.58	12.61
870.00	87.39	386.98	425.48	87.53	12.61
871.00	87.42	386.89	425.60	87.48	12.61
872.00	87.45	386.80	425.72	87.42	12.61
873.00	87.48	386.71	425.83	87.37	12.62
874.00	87.50	386.61	425.95	87.32	12.62
875.00	87.53	386.52	426.06	87.27	12.62
876.00	87.56	386.43	426.18	87.21	12.62
877.00	87.59	386.34	426.29	87.16	12.62
878.00	87.61	386.25	426.40	87.11	12.62
879.00	87.64	386.16	426.52	87.06	12.62
880.00	87.67	386.07	426.63	87.01	12.62
881.00	87.70	385.98	426.74	86.96	12.62
882.00	87.72	385.89	426.85	86.91	12.63
883.00	87.75	385.81	426.96	86.85	12.63
884.00	87.78	385.72	427.07	86.80	12.63
885.00	87.80	385.63	427.18	86.75	12.63
886.00	87.83	385.54	427.29	86.70	12.63
887.00	87.86	385.46	427.40	86.65	12.63
888.00	87.88	385.37	427.51	86.60	12.63
889.00	87.91	385.29	427.62	86.55	12.63
890.00	87.94	385.20	427.73	86.50	12.63
891.00	87.96	385.12	427.84	86.45	12.63
892.00	87.99	385.03	427.94	86.40	12.64
893.00	88.01	384.95	428.05	86.35	12.64
894.00	88.04	384.86	428.16	86.30	12.64
895.00	88.07	384.78	428.26	86.25	12.64
896.00	88.09	384.70	428.37	86.20	12.64
897.00	88.12	384.61	428.47	86.15	12.64
898.00	88.14	384.53	428.58	86.11	12.64
899.00	88.17	384.45	428.68	86.06	12.64
900.00	88.19	384.37	428.78	86.01	12.64
901.00	88.22	384.29	428.89	85.96	12.64
902.00	88.24	384.21	428.99	85.91	12.65
903.00	88.27	384.13	429.09	85.86	12.65
904.00	88.29	384.05	429.20	85.82	12.65
905.00	88.32	383.97	429.30	85.77	12.65
906.00	88.34	383.89	429.40	85.72	12.65
907.00	88.37	383.81	429.50	85.67	12.65
908.00	88.39	383.73	429.60	85.62	12.65
909.00	88.42	383.65	429.70	85.58	12.65
910.00	88.44	383.58	429.80	85.53	12.65
911.00	88.47	383.50	429.90	85.48	12.65
912.00	88.49	383.42	430.00	85.43	12.65
913.00	88.51	383.35	430.10	85.39	12.66
914.00	88.54	383.27	430.20	85.34	12.66
915.00	88.56	383.19	430.29	85.29	12.66
916.00	88.58	383.12	430.39	85.25	12.66
917.00	88.61	383.04	430.49	85.20	12.66
918.00	88.63	382.97	430.58	85.15	12.66
919.00	88.66	382.89	430.68	85.11	12.66
920.00	88.68	382.82	430.78	85.06	12.66
921.00	88.70	382.75	430.87	85.02	12.66
922.00	88.72	382.67	430.97	84.97	12.66
923.00	88.75	382.60	431.06	84.92	12.67
924.00	88.77	382.53	431.16	84.88	12.67
925.00	88.79	382.46	431.25	84.83	12.67
926.00	88.82	382.38	431.34	84.79	12.67
927.00	88.84	382.31	431.44	84.74	12.67
928.00	88.86	382.24	431.53	84.70	12.67
929.00	88.88	382.17	431.62	84.65	12.67
930.00	88.91	382.10	431.71	84.61	12.67
931.00	88.93	382.03	431.81	84.56	12.67
932.00	88.95	381.96	431.90	84.52	12.67
933.00	88.97	381.89	431.99	84.47	12.67
934.00	88.99	381.82	432.08	84.43	12.67
935.00	89.02	381.75	432.17	84.39	12.68
936.00	89.04	381.68	432.26	84.34	12.68
937.00	89.06	381.62	432.35	84.30	12.68
938.00	89.08	381.55	432.44	84.25	12.68
939.00	89.10	381.48	432.53	84.21	12.68
940.00	89.12	381.41	432.62	84.17	12.68
941.00	89.15	381.35	432.70	84.12	12.68
942.00	89.17	381.28	432.79	84.08	12.68
943.00	89.19	381.21	432.88	84.04	12.68
944.00	89.21	381.15	432.97	83.99	12.68
945.00	89.23	381.08	433.05	83.95	12.68
946.00	89.25	381.02	433.14	83.91	12.68
947.00	89.27	380.95	433.23	83.86	12.69
948.00	89.29	380.89	433.31	83.82	12.69
949.00	89.31	380.82	433.40	83.78	12.69
950.00	89.33	380.76	433.48	83.74	12.69
951.00	89.35	380.69	433.57	83.69	12.69
952.00	89.38	380.63	433.65	83.65	12.69
953.00	89.40	380.57	433.74	83.61	12.69
954.00	89.42	380.50	433.82	83.57	12.69
955.00	89.44	380.44	433.91	83.52	12.69
956.00	89.46	380.38	433.99	83.48	12.69
957.00	89.48	380.32	434.07	83.44	12.69
958.00	89.50	380.26	434.15	83.40	12.69
959.00	89.52	380.19	434.24	83.36	12.70
960.00	89.54	380.13	434.32	83.32	12.70
961.00	89.56	380.07	434.40	83.28	12.70
962.00	89.57	380.01	434.48	83.23	12.70
963.00	89.59	379.95	434.56	83.19	12.70
964.00	89.61	379.89	434.64	83.15	12.70
965.00	89.63	379.83	434.72	83.11	12.70
966.00	89.65	379.77	434.80	83.07	12.70
967.00	89.67	379.71	434.88	83.03	12.70
968.00	89.69	379.65	434.96	82.99	12.70
969.00	89.71	379.60	435.04	82.95	12.70
970.00	89.73	379.54	435.12	82.91	12.70
971.00	89.75	379.48	435.20	82.87	12.70
972.00	89.77	379.42	435.28	82.83	12.71
973.00	89.78	379.36	435.36	82.79	12.71
974.00	89.80	379.31	435.43	82.75	12.71
975.00	89.82	379.25	435.51	82.71	12.71
976.00	89.84	379.19	435.59	82.67	12.71
977.00	89.86	379.14	435.67	82.63	12.71
978.00	89.88	379.08	435.74	82.59	12.71
979.00	89.89	379.03	435.82	82.55	12.71
980.00	89.91	378.97	435.89	82.51	12.71
981.00	89.93	378.91	435.97	82.47	12.71
982.00	89.95	378.86	436.05	82.43	12.71
983.00	89.97	378.80	436.12	82.39	12.71
984.00	89.98	378.75	436.20	82.36	12.71
985.00	90.00	378.70	436.27	82.32	12.71
986.00	90.02	378.64	436.34	82.28	12.72
987.00	90.04	378.59	436.42	82.24	12.72
988.00	90.06	378.54	436.49	82.20	12.72
989.00	90.07	378.48	436.56	82.16	12.72
990.00	90.09	378.43	436.64	82.12	12.72
991.00	90.11	378.38	436.71	82.09	12.72
992.00	90.12	378.32	436.78	82.05	12.72
993.00	90.14	378.27	436.86	82.01	12.72
994.00	90.16	378.22	436.93	81.97	12.72
995.00	90.18	378.17	437.00	81.94	12.72
996.00	90.19	378.12	437.07	81.90	12.72
997.00	90.21	378.07	437.14	81.86	12.72
998.00	90.23	378.01	437.21	81.82	12.72
999.00	90.24	377.96	437.28	81.79	12.72
1000.00	90.26	377.91	437.35	81.75	12.73